948 38
1075 46
716 314
1457 23
1489 690
871 415
1332 355
892 533
1380 457
681 234
356 361
1322 600
218 273
578 652
461 98
370 113
668 398
285 171
11 213
261 6
285 159
1408 483
1114 486
1072 267
1336 253
965 422
23 631
1475 679
1488 602
1480 152
297 573
357 37
1209 209
142 218
1250 115
458 35
1223 56
229 448
603 107
836 401
1217 534
514 80
1181 446
734 329
157 245
877 126
49 453
933 415
1108 665
19 546
623 237
606 386
1479 620
979 82
962 350
349 177
1399 456
963 187
338 236
1098 92
1380 237
47 361
347 276
1228 595
294 574
97 678
940 7
210 580
102 630
1301 102
1341 611
1331 275
491 37
768 118
177 29
1158 504
538 406
687 413
701 192
409 363
430 81
1212 500
1106 73
169 155
183 598
17 82
928 60
575 362
564 580
69 76
1222 388
1324 16
1383 560
421 308
410 433
599 331
978 399
37 481
1037 152
1141 515
1274 41
273 10
1078 400
781 464
325 195
635 367
832 173
483 234
507 284
444 100
1502 703
555 520
1487 615
926 639
488 52
1429 585
452 48
612 460
1205 608
1252 453
555 248
865 147
513 151
1289 671
1345 607
858 461
91 187
1375 396
604 314
173 695
592 461
292 250
30 5
1113 120
346 14
970 326
677 90
1494 130
1326 639
529 139
643 529
718 598
1240 308
66 398
1272 36
197 422
903 458
1494 656
490 318
1168 201
913 698
1494 347
1136 489
619 678
919 648
437 536
1096 279
142 349
520 633
91 686
1498 523
1052 437
490 422
1033 490
1456 352
522 676
662 594
324 369
1038 510
959 684
1015 500
1423 53
975 366
1186 13
1077 603
481 232
1195 464
327 426
278 71
978 579
46 346
332 683
1327 401
660 320
1300 26
927 376
502 378
1400 659
505 429
192 19
451 401
1167 32
219 375
931 666
1249 394
1146 548
965 160
619 350
906 133
1235 282
1292 170
1498 230
50 193
464 505
1122 215
1231 582
266 675
1270 7
1178 427
813 430
301 261
826 192
1026 194
532 328
906 39
650 653
617 606
40 20
1042 311
939 489
255 71
1028 56
575 556
1098 466
256 402
317 75
224 281
871 652
1081 495
1152 175
971 379
991 106
272 239
874 226
622 370
164 639
1355 679
268 339
40 376
62 31
389 78
480 302
339 608
657 73
1249 24
987 180
1071 378
1236 270
259 666
1245 394
107 498
639 441
157 34
1499 477
1036 116
683 536
5 607
1378 690
659 143
183 502
450 167
731 635
109 679
899 358
782 196
349 494
1387 515
798 219
690 150
110 28
62 170
393 367
765 622
1437 470
422 443
340 381
1336 0
999 585
1052 158
1245 102
202 433
1045 497
447 243
792 610
994 162
174 171
592 437
266 358
779 535
666 21
1157 580
863 56
1202 542
1487 124
932 151
522 620
1496 278
1398 109
1397 673
56 642
1427 504
952 508
1328 665
683 164
122 323
947 562
821 354
884 46
1496 675
460 248
562 176
201 376
946 460
619 402
309 593
1258 625
237 504
659 140
1 508
139 182
641 212
227 549
1087 264
1498 600
794 132
464 129
806 474
338 518
269 645
1082 285
1253 78
1239 202
474 607
224 543
1291 125
678 660
504 152
214 221
182 211
1320 610
1454 652
297 642
1142 116
416 361
1025 277
1191 358
1372 477
622 271
587 56
38 490
1133 123
1054 108
744 32
1138 589
139 620
81 34
136 665
330 196
1415 224
972 456
1321 419
759 570
621 153
943 170
1398 190
851 504
1408 697
650 580
333 337
1461 444
484 109
304 182
318 452
1058 200
394 643
839 562
1124 191
731 373
1101 172
1345 645
685 513
1319 4
1454 702
751 507
1423 19
340 69
1416 573
548 505
507 638
1401 240
14 18
534 87
1303 26
534 331
1418 327
1047 74
1312 604
1265 140
539 675
147 505
411 117
949 701
783 486
1245 29
1235 173
1410 265
336 171
1117 27
216 657
1506 577
68 249
1007 171
548 634
1338 619
630 48
313 353
1034 119
959 704
828 612
435 492
68 110
1111 20
407 595
1464 335
459 89
1285 633
1042 323
1011 644
362 409
103 94
273 16
1279 688
127 174
1200 375
163 356
372 136
419 490
70 449
1142 468
139 297
931 249
1011 123
422 516
566 55
1247 141
140 81
140 238
501 430
183 39
535 112
145 287
193 351
830 104
1279 390
270 559
230 86
1356 90
129 706
310 661
348 236
910 433
1293 368
751 130
299 546
752 160
1124 573
1248 470
54 219
203 441
584 136
1098 285
1041 431
208 209
255 622
1380 141
1216 91
800 164
118 178
404 79
560 296
494 175
190 612
382 332
664 193
865 94
692 300
347 318
348 382
493 669
60 328
1453 693
35 370
806 226
1115 200
140 421
418 179
794 703
1081 186
246 332
795 104
937 201
228 705
1344 154
737 634
216 51
419 349
514 308
707 429
983 706
1441 239
1482 242
561 523
791 378
530 7
1092 570
1310 704
403 631
217 180
690 344
1135 605
1211 215
828 18
1365 404
172 93
58 384
917 403
345 105
819 40
1275 379
306 150
830 424
776 624
1031 274
413 371
91 6
811 514
1220 689
1331 497
338 536
1484 206
1431 121
888 689
968 635
938 108
1115 447
1339 668
235 698
300 87
388 481
208 181
194 46
936 639
675 172
1197 126
307 492
64 332
331 103
1219 75
988 435
1039 479
175 150
769 325
917 190
502 113
923 534
929 522
792 702
1510 317
249 166
513 682
1011 542
1216 442
1447 89
220 446
1431 110
1457 652
1053 250
693 254
1270 101
292 408
1016 674
950 593
272 618
1165 526
460 131
1452 147
114 265
643 86
1411 520
184 616
943 28
1337 88
802 397
801 429
876 395
1497 705
1158 345
916 187
124 27
1212 291
766 412
1301 277
101 340
286 390
492 67
181 539
712 453
1276 532
308 487
1133 488
123 115
303 647
863 71
1107 580
59 207
815 5
250 587
917 653
1006 395
65 499
1005 465
665 285
356 137
1210 207
1225 688
1419 104
681 513
361 190
610 691
1245 130
181 453
618 650
1041 73
732 147
6 58
568 280
10 143
575 310
256 42
650 263
747 383
415 636
378 355
1249 18
836 79
962 116
343 606
450 564
1008 22
90 246
860 502
404 238
960 637
581 502
1286 49
932 293
1080 149
1012 391
807 539
1293 560
1302 581
450 144
178 421
1342 581
394 633
311 322
944 50
502 232
396 618
612 432
992 648
765 139
1430 35
291 210
1268 583
1202 115
866 575
183 286
70 390
615 697
717 600
1231 430
233 690
225 14
931 323
652 446
1367 183
1510 384
149 673
1357 645
1376 605
789 44
1416 53
284 318
1032 342
1413 335
1447 14
140 295
453 58
929 29
1324 48
62 252
826 369
766 698
758 265
321 160
1258 693
967 499
417 634
949 132
1258 303
858 358
976 699
454 240
688 542
593 703
792 312
851 98
1148 302
631 307
786 45
82 512
305 214
1489 704
906 337
968 481
1009 161
1403 394
64 616
721 242
1294 314
885 88
86 98
824 169
562 200
1490 574
912 140
153 570
930 58
584 502
994 318
875 19
1286 174
67 168
818 424
1396 291
1215 586
1083 497
228 98
114 185
1227 517
1359 18
1062 295
648 551
278 366
284 183
1104 504
445 624
733 468
773 140
762 652
956 36
716 371
500 458
523 310
1147 683
378 635
972 209
582 524
120 519
957 137
519 376
816 520
216 672
1470 176
779 341
815 485
711 375
896 403
1023 507
1000 638
1263 73
75 497
795 218
1493 545
1256 475
42 318
1228 381
735 157
746 277
354 548
802 171
1004 487
509 563
1356 80
1090 498
275 473
1192 449
214 81
62 359
274 503
1262 452
734 664
221 431
523 106
238 537
566 39
874 409
483 199
87 629
1208 423
355 546
1302 664
779 66
678 9
736 29
610 17
524 274
796 479
247 302
855 616
994 88
939 336
572 331
480 377
1119 327
345 510
1045 675
691 85
448 435
494 571
792 633
705 417
103 667
1070 224
1090 349
518 255
888 257
816 482
351 278
727 107
273 261
356 161
1385 675
885 75
251 107
250 60
887 23
623 610
1170 414
424 3
46 182
456 571
1233 573
422 589
179 510
289 159
1446 459
1093 132
1154 135
294 612
209 646
29 617
607 705
910 213
1332 691
1327 161
1270 241
532 441
315 195
977 376
289 200
296 356
1407 36
936 631
806 366
36 366
536 585
1493 636
447 474
86 177
301 65
799 25
564 383
634 479
350 608
10 505
1279 269
1447 139
1056 597
719 440
1090 443
1252 187
1032 472
402 560
911 239
885 69
1191 657
1147 282
1434 16
639 516
167 287
830 350
413 17
130 497
310 157
1295 119
147 405
249 379
36 468
898 636
475 370
153 426
698 339
887 56
1063 435
845 626
1226 282
509 525
461 6
503 446
846 413
1104 593
1465 592
753 234
926 680
295 331
960 172
9 587
850 135
648 207
308 621
794 458
970 27
349 296
217 18
1130 142
90 237
541 648
291 670
890 535
1365 80
643 482
346 664
1377 471
1257 41
1422 669
458 510
246 311
603 326
1282 338
878 590
1228 562
310 519
1158 358
391 173
128 65
1090 442
1438 145
342 262
526 214
559 630
609 392
798 63
1510 544
610 392
1333 616
886 650
313 30
237 170
2 250
345 375
142 587
469 599
1104 474
590 638
744 430
957 235
1240 250
1257 524
1447 114
986 153
1389 178
771 43
1180 54
123 513
829 432
745 585
1216 175
399 690
462 535
1180 99
609 707
347 669
852 582
699 177
1062 306
94 92
824 432
798 231
707 587
171 44
947 94
1131 64
1077 116
740 394
179 554
245 500
864 528
1081 488
399 354
1169 327
1087 210
1259 364
127 249
911 186
1337 292
453 23
1204 387
808 344
241 448
269 294
1080 510
760 487
1265 287
1359 594
980 243
896 74
305 281
1484 683
484 72
756 459
947 243
472 196
1412 94
413 654
1316 572
1171 153
673 386
728 448
1486 427
127 287
859 5
860 488
716 427
873 536
709 111
909 89
1115 533
553 265
1261 340
1412 643
970 503
1428 120
211 505
93 479
635 125
1369 395
878 136
305 93
630 86
46 401
1156 11
800 471
1381 537
565 514
830 555
636 573
1203 666
585 62
373 39
656 487
1005 246
1304 93
0 156
461 682
180 151
842 16
720 240
1159 698
1218 632
1062 628
742 420
1439 76
1276 637
447 286
402 673
62 467
321 510
1393 404
475 570
1068 443
510 113
874 472
656 216
1341 427
1043 467
280 23
65 4
310 320
308 524
662 278
580 425
1219 693
386 515
601 659
903 161
260 542
686 482
1251 375
1397 43
1315 196
1098 662
491 438
1365 544
698 669
624 496
755 164
1258 508
1353 36
1441 189
497 536
149 181
93 178
1097 642
80 329
1045 168
4 22
810 705
895 333
1089 438
807 55
519 283
130 482
1051 367
921 537
980 20
750 696
105 52
856 399
1129 71
953 215
181 130
1275 86
683 157
196 8
999 164
60 163
536 520
1395 619
1307 232
677 364
684 503
1138 469
1071 409
1415 90
96 230
1426 269
652 312
297 453
283 150
22 178
1440 250
1190 187
909 47
39 308
1323 44
996 399
62 609
1157 324
732 536
1212 555
100 695
647 677
1237 423
75 164
1431 20
359 199
629 257
1363 85
94 87
1218 266
1391 698
1444 178
272 428
362 108
1072 668
779 208
1289 535
1094 18
233 320
676 177
52 627
1187 591
394 21
59 17
1134 706
974 592
891 526
657 629
1059 187
275 425
18 283
1329 331
250 436
493 361
366 166
1020 120
1368 647
482 468
12 341
615 453
492 685
1326 20
837 682
550 544
147 674
301 60
691 430
46 102
901 508
1333 175
490 203
76 470
1078 408
292 644
1385 261
879 255
304 538
818 478
173 213
551 274
39 578
386 653
1493 318
1238 229
354 329
530 467
186 56
888 512
1373 579
1206 556
1120 231
387 216
1342 550
469 446
509 138
393 670
1332 211
130 564
339 226
1443 455
223 615
771 593
350 296
1394 21
1379 199
886 628
1056 329
1211 349
1343 170
991 24
878 488
596 531
1476 696
1183 11
689 305
932 173
431 201
282 182
1058 670
688 167
1431 540
1167 214
897 455
259 457
1333 197
743 278
626 482
1334 69
556 75
1374 547
1305 577
626 114
789 264
603 104
1225 317
1105 123
17 700
1371 316
195 292
346 615
514 410
406 628
194 103
312 349
903 466
492 71
931 492
318 412
217 107
277 580
930 640
1008 483
522 65
507 191
266 392
129 483
1014 259
1358 602
375 93
234 71
850 595
49 427
1310 465
489 340
32 649
844 447
1040 465
267 575
1081 94
1375 125
1015 312
1286 691
682 1
1468 348
1425 536
761 38
1069 699
1402 134
990 206
1042 33
1131 431
545 79
667 508
1437 294
212 385
297 374
1130 55
459 40
1484 620
13 550
1246 461
499 257
688 498
1098 548
223 595
395 389
109 373
254 229
1251 198
1002 480
1443 283
182 461
1155 395
1074 329
459 619
449 393
1341 363
29 571
1360 277
1400 203
544 287
1103 25
142 94
1188 329
763 368
212 166
574 310
931 87
343 531
1003 4
948 335
1456 279
259 260
648 310
786 674
698 7
603 416
915 346
276 203
120 254
1064 393
700 128
243 686
958 401
1283 51
1426 172
1385 229
1 190
268 131
524 637
1384 371
143 336
1070 667
622 481
1493 473
1085 569
930 279
1325 83
1195 191
1422 287
53 453
469 311
1298 204
797 22
1398 57
148 572
794 261
472 145
1210 496
161 120
854 439
384 420
356 682
1471 605
835 644
528 689
1047 128
1418 620
805 311
607 386
659 377
489 219
1478 672
441 443
469 428
1155 369
1014 250
161 662
412 468
446 592
1338 182
832 321
992 182
943 134
749 562
955 93
191 535
737 621
312 250
1017 275
389 38
1083 14
1134 394
990 302
590 576
781 366
920 689
805 107
745 522
988 583
459 389
134 223
891 14
546 328
1419 525
727 432
531 540
1008 353
907 385
651 210
953 154
175 659
1378 678
80 439
664 211
25 555
1062 134
987 549
40 275
737 421
1354 349
706 654
78 578
1354 98
85 401
428 124
1075 274
1069 39
950 46
1216 216
648 525
953 398
744 622
1130 561
207 310
1482 191
807 298
1145 194
357 17
167 141
1300 276
906 556
1442 621
419 136
1 82
417 63
1077 584
1234 510
894 120
1232 108
401 484
1114 54
341 146
1351 367
828 233
281 505
553 196
838 637
1124 302
1174 495
377 304
485 371
1314 607
499 13
1152 202
323 292
1211 155
208 84
169 496
453 597
1353 488
963 80
118 531
206 356
853 166
1094 568
233 278
246 516
712 142
297 113
1440 409
1474 147
914 324
990 504
403 612
1259 404
1139 336
776 210
876 172
503 606
207 408
112 463
425 281
1312 279
322 599
413 455
1198 377
1353 197
389 477
300 419
270 592
428 6
147 584
329 66
539 300
1315 27
549 486
852 187
452 52
929 82
1003 28
952 506
545 153
189 219
1093 358
1039 669
91 337
82 529
866 405
565 431
33 404
486 558
807 362
1381 696
906 248
684 281
1493 415
957 701
1436 295
50 347
959 586
1341 509
111 581
1272 183
294 664
967 449
1407 705
92 273
1395 94
119 105
842 104
306 280
1054 641
129 77
900 379
1098 486
734 502
1227 641
543 342
377 242
596 192
479 610
992 329
734 661
116 21
1428 233
1107 573
393 283
831 236
1205 332
519 44
594 662
591 1
1084 261
669 629
623 431
1238 223
880 70
780 593
777 214
1367 362
1219 508
1158 583
366 38
1330 251
1424 47
1259 475
245 226
372 544
618 516
1371 152
238 564
1182 166
720 685
897 102
703 490
582 43
1330 536
530 16
999 480
454 19
1360 330
711 205
418 659
161 691
656 353
1371 86
636 581
772 350
838 135
829 702
388 353
563 333
413 251
841 351
1097 632
182 650
794 514
173 523
1260 372
12 235
36 446
942 5
440 237
1222 168
1351 387
1311 443
306 391
988 531
107 35
327 360
1173 676
507 184
982 570
1298 665
611 312
1216 520
544 158
1473 462
573 52
654 398
249 542
685 603
247 643
528 279
494 120
1281 359
372 17
1474 559
1218 575
1392 276
164 198
1495 86
766 301
641 383
873 235
512 686
1148 98
553 19
589 453
1449 574
595 413
768 457
63 397
1433 445
138 676
795 642
1456 144
417 502
761 158
8 449
713 209
1263 624
350 537
971 616
1480 182
566 157
1305 686
869 638
117 305
1337 392
840 354
522 577
349 356
1266 41
1330 308
245 312
744 203
937 278
511 288
122 185
657 472
992 349
945 423
842 105
119 329
194 185
1499 615
813 354
193 16
680 610
1263 266
1332 127
1186 645
258 680
1394 595
304 69
1468 140
512 664
1105 376
1427 350
348 216
1125 25
389 445
31 478
307 386
1203 257
179 305
1226 138
36 391
67 33
829 402
508 262
270 57
1493 527
223 165
1439 71
184 292
1258 186
159 378
1207 349
741 627
1073 601
113 487
636 671
105 454
1101 76
79 220
205 189
986 592
535 203
1098 28
761 216
899 71
636 284
1451 686
1206 491
344 597
835 284
828 699
355 555
409 50
533 184
773 545
1399 13
618 418
450 285
39 15
336 445
674 298
443 588
72 577
499 652
1359 277
745 350
461 571
696 436
362 51
358 565
353 211
458 669
1310 580
587 319
726 303
240 156
1429 632
206 635
295 189
379 410
1121 303
224 300
432 641
67 104
170 527
1186 218
586 594
1360 110
650 82
689 139
809 96
144 661
493 303
260 334
175 196
1095 106
954 576
1258 267
528 121
512 270
917 154
81 615
1106 582
895 46
30 266
498 429
402 190
1136 74
665 270
522 588
1437 335
191 509
619 260
145 597
574 96
756 245
1337 277
211 73
1337 516
78 252
153 179
818 484
1096 148
438 475
745 581
804 120
493 70
1169 594
304 118
1502 392
720 269
1263 3
978 636
786 230
1208 462
80 399
621 504
612 461
899 272
1149 31
197 260
964 218
969 311
654 7
134 26
982 200
788 465
1136 446
1463 339
1322 358
7 133
1478 10
244 25
979 23
199 572
671 702
392 204
500 279
705 2
367 700
361 140
992 326
554 500
606 322
10 642
473 526
1245 290
541 697
1431 52
266 647
1064 136
95 550
560 692
1468 590
770 395
1487 3
1444 158
868 390
1399 681
722 524
498 498
261 661
