2 546
2 622
6 279
6 286
6 374
6 483
7 268
7 631
10 88
10 97
10 111
10 178
10 179
10 233
10 244
10 251
10 261
10 327
10 344
10 364
10 365
10 368
10 380
10 405
10 411
10 461
10 480
10 491
10 495
10 516
12 48
12 50
12 58
12 101
12 120
12 148
12 185
12 206
12 228
12 272
12 302
12 371
12 400
12 477
12 597
12 616
12 624
12 678
12 694
13 141
14 135
16 618
16 628
16 659
18 637
19 341
19 368
21 141
25 236
26 11
26 16
26 24
26 48
26 93
26 101
26 120
26 160
26 175
26 201
26 225
26 243
26 271
26 330
26 376
26 392
26 506
26 524
26 534
26 564
26 569
26 616
26 617
26 624
26 662
26 671
28 700
31 158
32 193
33 5
33 301
33 369
33 463
33 502
34 78
34 429
39 508
39 658
40 622
42 481
43 31
43 82
43 176
43 370
45 428
45 529
45 621
48 26
48 61
48 83
48 174
48 194
48 252
48 292
48 302
48 432
48 541
48 546
48 561
48 575
48 584
49 24
49 48
49 64
49 93
49 101
49 130
49 146
49 160
49 175
49 201
49 225
49 228
49 243
49 271
49 330
49 362
49 376
49 377
49 392
49 431
49 472
49 476
49 506
49 520
49 524
49 534
49 564
49 566
49 569
49 616
49 621
49 624
49 662
49 671
49 677
51 193
58 30
58 128
58 351
58 692
60 205
60 250
60 346
60 407
60 445
60 564
60 694
62 349
64 9
64 28
64 669
64 683
67 122
67 140
67 189
67 224
67 260
67 300
67 363
67 585
67 587
67 595
67 661
71 12
71 43
71 110
71 144
71 183
71 306
71 388
71 396
71 423
71 523
71 607
71 668
71 672
72 116
73 122
73 153
73 270
73 273
73 293
73 309
73 557
73 587
73 661
73 682
73 702
74 384
75 0
78 384
78 477
81 118
81 226
81 659
82 31
82 176
82 370
83 48
83 50
83 58
83 101
83 148
83 329
83 371
83 477
83 588
83 597
83 616
84 120
85 141
85 637
88 83
88 432
89 333
90 287
94 496
94 561
95 413
95 693
98 13
98 17
98 102
98 123
98 127
98 194
98 213
98 242
98 257
98 265
98 294
98 395
98 458
98 521
98 552
98 561
98 569
98 592
98 599
98 603
98 641
98 685
98 694
99 65
99 77
99 332
99 431
99 459
99 535
99 574
99 580
101 349
102 25
102 62
102 374
102 383
102 406
102 469
106 135
106 255
108 47
108 52
108 64
108 65
108 132
108 219
108 240
108 292
108 303
108 345
108 359
108 409
108 431
108 432
108 433
108 505
108 584
108 594
108 643
112 0
112 661
113 141
113 268
113 631
113 637
114 31
114 370
115 297
115 337
115 436
115 522
115 554
117 80
119 19
119 97
119 147
119 337
119 368
119 436
119 463
119 495
119 522
119 560
121 8
121 530
123 536
124 6
124 197
124 211
124 227
124 311
124 366
124 418
127 424
134 19
135 62
135 279
136 283
138 618
138 628
138 655
139 93
139 101
139 120
139 130
139 175
139 201
139 225
139 243
139 271
139 392
139 506
139 524
139 564
139 569
139 616
139 624
139 671
140 180
140 251
140 368
140 495
140 496
141 430
142 46
142 426
143 230
144 86
144 361
144 530
149 378
150 88
150 97
150 178
150 179
150 188
150 190
150 220
150 233
150 244
150 251
150 261
150 327
150 344
150 364
150 365
150 368
150 380
150 405
150 461
150 480
150 491
150 509
150 516
151 546
155 632
160 420
164 48
164 50
164 58
164 92
164 93
164 101
164 120
164 125
164 148
164 170
164 191
164 228
164 245
164 277
164 289
164 312
164 316
164 317
164 329
164 340
164 346
164 444
164 462
164 465
164 497
164 564
164 588
164 597
164 616
164 624
164 669
164 694
165 35
165 48
165 49
165 58
165 87
165 93
165 101
165 120
165 148
165 185
165 195
165 242
165 289
165 329
165 340
165 428
165 454
165 458
165 564
165 567
165 597
165 616
165 624
165 677
165 694
166 413
166 693
170 2
170 176
175 48
175 120
175 125
175 131
175 332
175 335
175 350
175 421
175 428
175 466
175 511
175 574
175 616
175 624
175 691
183 60
183 315
183 321
183 382
183 410
183 433
183 553
185 75
185 164
185 165
185 281
185 285
185 542
186 46
186 165
186 276
186 488
186 526
188 473
189 164
189 239
189 571
194 48
194 50
194 58
194 101
194 120
194 123
194 148
194 191
194 245
194 317
194 329
194 340
194 371
194 444
194 564
194 588
194 597
194 616
194 624
194 694
195 140
196 587
197 60
200 255
201 251
201 255
203 42
203 292
203 393
206 172
206 686
207 446
208 141
208 637
218 298
218 613
221 48
221 58
221 101
221 120
221 148
221 329
221 340
221 477
221 588
221 597
221 616
221 624
223 35
223 49
223 50
223 58
223 92
223 148
223 329
223 529
223 564
223 588
223 597
223 626
223 694
225 172
225 580
232 48
232 93
232 101
232 120
232 130
232 175
232 201
232 225
232 243
232 271
232 330
232 392
232 506
232 564
232 569
232 616
232 624
232 671
237 31
237 82
237 176
237 344
238 54
238 546
238 573
240 172
240 206
240 451
240 511
241 271
241 272
241 347
241 389
241 393
241 400
241 499
241 524
241 541
241 550
242 214
242 486
242 553
242 644
243 16
243 76
243 90
243 93
243 96
243 100
243 202
243 264
243 322
243 325
243 379
243 393
243 398
243 425
243 442
243 585
243 691
243 696
244 71
244 622
246 134
246 299
246 339
246 397
246 474
246 654
246 660
247 579
248 83
248 133
248 138
248 143
248 271
248 292
248 499
248 550
250 631
253 496
256 48
256 49
256 50
256 58
256 93
256 101
256 120
256 125
256 145
256 148
256 160
256 185
256 206
256 225
256 289
256 302
256 316
256 329
256 330
256 340
256 346
256 397
256 443
256 448
256 524
256 529
256 564
256 567
256 569
256 588
256 597
256 616
256 624
256 626
256 677
256 678
256 694
258 141
258 268
258 631
258 637
259 172
260 22
261 378
261 565
263 87
263 295
263 454
263 455
264 14
265 545
271 128
271 537
273 12
273 43
273 85
273 110
273 126
273 144
273 151
273 183
273 306
273 310
273 367
273 396
273 423
273 523
273 668
273 672
276 254
276 292
276 433
276 689
278 15
278 16
278 69
278 72
278 93
278 108
278 154
278 175
278 184
278 225
278 228
278 316
278 330
278 431
278 449
278 544
278 549
278 564
278 569
278 570
278 580
278 626
278 654
278 669
278 686
278 691
279 62
279 286
279 374
279 537
279 548
279 667
279 680
280 375
285 135
286 135
286 255
288 32
288 48
288 93
288 101
288 109
288 120
288 123
288 171
288 174
288 175
288 185
288 225
288 252
288 257
288 289
288 294
288 302
288 312
288 316
288 324
288 340
288 346
288 389
288 444
288 462
288 524
288 561
288 564
288 567
288 575
288 588
288 597
288 616
288 654
288 694
288 703
289 84
289 315
289 420
289 427
290 41
290 573
290 590
290 623
291 232
291 355
292 493
295 473
296 40
302 12
302 43
302 85
302 110
302 144
302 151
302 156
302 183
302 306
302 310
302 367
302 388
302 396
302 423
302 523
302 581
302 596
302 607
302 668
302 672
309 16
309 48
309 49
309 50
309 58
309 101
309 120
309 125
309 145
309 148
309 160
309 289
309 329
309 340
309 529
309 564
309 567
309 588
309 597
309 616
309 626
309 694
310 573
310 580
311 60
311 321
311 382
311 410
311 433
311 486
311 593
312 121
315 46
315 526
317 41
317 114
317 486
317 546
317 553
317 573
318 2
319 419
319 676
320 112
320 122
320 140
320 260
320 391
320 661
322 48
322 64
322 93
322 101
322 120
322 130
322 146
322 160
322 175
322 201
322 225
322 243
322 271
322 330
322 335
322 373
322 376
322 392
322 431
322 506
322 520
322 524
322 534
322 564
322 566
322 569
322 616
322 617
322 624
322 650
322 662
322 671
324 2
326 48
326 50
326 58
326 74
326 120
326 123
326 148
326 191
326 294
326 316
326 317
326 329
326 340
326 371
326 444
326 564
326 588
326 597
326 616
326 624
326 694
327 3
327 40
327 163
327 280
327 528
327 538
327 540
327 707
328 32
328 48
328 101
328 109
328 120
328 123
328 136
328 174
328 185
328 252
328 257
328 271
328 302
328 316
328 340
328 343
328 564
328 567
328 575
328 588
328 597
328 616
328 624
330 48
330 50
330 58
330 101
330 120
330 148
330 206
330 329
330 340
330 477
330 541
330 586
330 588
330 597
330 616
330 624
330 694
335 429
340 420
346 70
346 288
346 429
357 469
357 548
358 16
358 76
358 90
358 93
358 96
358 172
358 202
358 264
358 287
358 322
358 325
358 379
358 393
358 425
358 691
358 696
358 704
359 141
360 165
361 41
361 347
361 623
362 16
362 100
362 291
362 332
362 424
362 437
362 451
362 511
362 580
362 613
364 38
364 111
364 394
366 9
366 15
366 69
366 154
366 184
366 343
366 431
366 449
366 477
366 543
366 544
366 549
366 567
366 570
366 574
368 35
368 48
368 49
368 50
368 101
368 120
368 346
368 597
368 616
368 624
368 694
374 35
374 48
374 58
374 87
374 92
374 101
374 120
374 295
374 316
374 329
374 340
374 439
374 455
374 485
374 588
374 597
374 616
377 31
377 176
377 370
379 120
379 329
379 389
380 138
380 140
380 153
380 309
380 319
380 499
389 255
390 532
394 17
394 57
394 123
394 127
394 170
394 194
394 213
394 242
394 257
394 265
394 294
394 395
394 412
394 444
394 450
394 458
394 475
394 521
394 561
394 592
394 599
394 603
394 641
394 685
394 694
395 103
395 408
400 509
400 667
401 31
401 82
401 176
402 38
402 83
402 292
402 553
407 93
407 109
407 136
407 174
407 175
407 225
407 252
407 271
407 294
407 324
407 575
407 588
407 597
407 616
408 401
417 283
417 492
418 137
418 427
418 553
418 572
418 656
421 12
421 43
421 144
421 388
421 423
421 460
421 523
421 596
422 349
423 10
423 146
423 290
423 299
423 332
423 335
423 338
423 377
423 617
423 650
424 23
424 611
426 61
426 167
426 222
426 308
426 314
426 358
426 471
426 484
426 576
426 582
426 600
427 424
429 509
430 4
430 15
430 16
430 34
430 69
430 72
430 93
430 108
430 154
430 175
430 184
430 225
430 228
430 289
430 292
430 330
430 431
430 543
430 544
430 549
430 564
430 567
430 569
430 626
430 669
430 686
430 691
433 255
435 48
435 50
435 58
435 101
435 120
435 145
435 148
435 159
435 171
435 185
435 195
435 228
435 272
435 329
435 340
435 389
435 400
435 437
435 448
435 477
435 524
435 541
435 586
435 588
435 597
435 616
435 621
435 677
435 678
435 694
439 22
440 65
440 89
440 217
442 16
442 76
442 90
442 96
442 100
442 202
442 264
442 287
442 322
442 372
442 379
442 393
442 398
442 425
442 428
442 442
442 585
442 691
442 696
442 704
448 66
448 275
449 22
452 41
452 93
452 590
452 623
453 2
457 189
457 300
459 7
459 71
459 95
459 112
459 229
459 253
459 269
459 278
459 309
459 391
459 404
459 457
459 494
459 514
459 559
459 614
459 622
459 663
460 12
460 41
460 43
460 60
460 74
460 85
460 110
460 144
460 151
460 156
460 182
460 183
460 228
460 310
460 347
460 367
460 388
460 396
460 423
460 424
460 523
460 581
460 590
460 596
460 601
460 607
460 623
461 35
461 48
461 50
461 58
461 87
461 92
461 101
461 120
461 242
461 295
461 316
461 329
461 439
461 454
461 455
461 458
461 485
461 588
461 597
461 616
461 624
461 694
466 626
470 291
472 85
472 151
472 367
472 581
475 85
475 151
475 367
475 581
477 652
482 68
482 196
483 631
484 631
485 631
486 631
487 631
493 10
493 85
493 151
493 367
493 581
493 638
494 10
494 299
495 268
496 268
496 637
497 528
497 634
497 698
505 433
505 499
505 550
505 552
509 539
512 68
512 196
513 504
515 86
516 281
524 505
526 255
528 93
528 251
530 2
545 521
545 579
546 23
546 62
546 116
546 279
546 286
546 374
549 168
550 645
554 22
560 630
561 101
561 120
561 624
561 694
563 393
568 121
569 521
570 217
570 363
570 612
572 585
573 532
574 97
581 354
581 503
583 569
584 291
588 561
589 275
591 311
592 652
605 361
605 639
608 128
608 261
608 658
610 496
613 123
613 242
613 521
614 121
617 508
621 499
624 579
625 573
627 573
635 93
635 268
636 502
636 579
637 280
640 220
641 661
642 496
646 261
646 579
648 504
654 221
656 468
657 573
661 509
663 537
665 356
669 561
670 374
674 268
675 352
681 561
686 266
689 268
694 26
696 62
696 286
696 374
696 441
696 469
696 537
707 652
709 368
709 579
715 496
717 266
720 595
722 262
722 675
726 68
727 356
737 291
737 690
739 420
742 573
744 19
745 356
752 281
765 286
765 441
765 537
765 680
773 210
778 210
783 226
786 684
814 97
814 251
817 433
817 486
851 579
852 234
852 433
853 433
854 251
854 381
854 433
854 594
856 19
857 94
857 199
858 115
858 479
858 489
859 121
916 170
916 299
916 339
916 357
916 478
916 617
918 262
922 15
922 361
922 433
922 507
922 627
922 655
924 15
924 433
924 507
924 627
924 669
927 161
931 469
940 133
940 292
940 483
984 8
985 10
985 85
985 151
985 299
985 367
985 581
985 638
987 12
987 43
987 110
987 144
987 158
987 183
987 306
987 310
987 388
987 396
987 423
987 523
987 607
987 668
988 43
988 110
988 144
988 183
988 259
988 306
988 310
988 381
988 388
988 396
988 423
988 523
988 607
988 668
988 672
989 12
989 43
989 110
989 144
989 183
989 306
989 310
989 381
989 388
989 396
989 423
989 523
989 607
989 668
989 672
990 14
991 14
992 14
993 133
993 138
993 271
993 292
993 499
993 550
994 133
994 138
994 143
994 292
994 499
994 550
995 138
995 292
996 138
996 292
997 138
997 292
998 133
998 138
998 143
998 292
998 499
998 550
1000 40
1006 446
1009 521
1011 103
1011 697
1015 251
1022 268
1029 314
1034 433
1034 486
1038 46
1041 536
1055 68
1060 20
1066 526
1119 188
1138 188
1139 333
1145 115
1146 491
1148 25
1148 406
1149 406
1150 401
1150 441
1151 271
1151 499
1152 499
1153 275
1154 275
1155 275
1160 317
1161 238
1161 573
1162 238
1162 573
1163 299
1164 299
1164 570
1164 638
1165 10
1166 12
1166 43
1166 144
1166 183
1166 306
1166 310
1166 388
1166 396
1166 423
1166 523
1166 601
1166 607
1166 668
1166 672
1167 12
1167 43
1167 110
1167 144
1167 183
1167 306
1167 388
1167 396
1167 423
1167 523
1167 607
1167 668
1167 672
1168 43
1168 110
1168 144
1168 183
1168 306
1168 388
1168 396
1168 423
1168 523
1168 607
1168 668
1168 672
1169 12
1169 43
1169 110
1169 144
1169 183
1169 306
1169 310
1169 388
1169 396
1169 423
1169 523
1169 607
1169 668
1169 672
1170 12
1170 43
1170 110
1170 144
1170 183
1170 306
1170 310
1170 388
1170 396
1170 523
1170 668
1170 672
1172 356
1173 64
1173 93
1173 175
1174 64
1174 175
1175 93
1177 46
1178 46
1179 46
1180 46
1181 532
1183 382
1183 433
1184 433
1186 433
1187 433
1188 433
1196 508
1201 504
1202 132
1202 138
1202 203
1202 528
1202 539
1203 19
1299 602
1375 389
1382 546
1502 368
1503 514
1504 299
1506 299
1508 299
