84 2
7 173
61 166
44 202
79 123
50 27
28 186
69 77
92 155
73 109
46 3
87 129
63 28
88 94
46 14
37 96
48 199
39 143
33 126
5 102
86 180
20 98
28 1
25 43
17 97
29 107
22 47
54 211
22 39
63 71
13 123
86 109
77 1
3 215
8 15
31 26
14 67
24 14
11 70
23 69
40 59
30 148
59 74
79 205
88 13
81 13
23 199
24 108
27 87
41 66
11 163
68 82
75 90
16 170
91 39
21 191
9 104
5 16
75 190
69 213
49 79
67 152
32 0
78 127
57 146
53 113
82 83
0 214
83 206
63 185
23 185
63 168
32 185
55 94
14 64
11 162
36 29
89 10
59 31
1 137
45 21
72 117
54 186
29 180
88 20
81 19
79 112
38 34
28 109
55 221
54 180
47 66
54 31
57 77
89 68
27 71
59 12
83 17
50 49
83 42
23 219
4 157
42 52
23 102
13 163
25 12
20 89
39 205
84 42
58 48
46 146
11 35
93 107
32 107
86 61
40 204
91 219
18 100
30 49
41 102
16 219
67 5
59 18
57 214
39 123
44 41
69 151
21 52
84 77
23 152
16 122
34 208
55 27
65 33
64 110
2 186
41 131
78 99
11 36
40 57
62 70
94 132
90 88
16 155
26 180
25 176
92 59
26 80
37 79
8 31
0 8
49 198
36 108
5 164
38 131
48 164
73 137
7 22
70 116
62 65
37 147
30 157
47 216
9 187
80 136
57 159
87 143
46 144
28 56
35 195
6 146
27 104
85 148
4 108
48 128
27 120
43 117
47 139
17 116
4 158
65 44
58 200
1 81
55 34
43 152
40 43
67 116
31 83
63 38
14 145
70 194
71 28
71 128
84 44
20 175
56 39
70 14
72 157
43 114
54 16
38 47
84 130
36 16
80 202
73 192
73 24
15 182
58 101
31 190
51 24
12 106
79 113
83 27
59 7
30 219
92 105
61 161
41 211
68 90
36 30
32 95
80 170
22 172
40 120
80 111
17 141
15 124
12 38
20 60
27 68
7 142
72 145
19 172
58 153
65 165
5 2
20 214
89 48
44 29
31 111
1 175
29 159
26 11
45 214
78 187
49 194
78 68
91 167
9 173
85 130
49 38
43 65
53 184
88 165
29 69
78 148
57 83
12 74
67 180
33 205
58 57
37 121
11 205
55 141
88 18
81 75
66 181
72 92
27 213
0 139
67 215
62 188
2 133
0 208
2 178
2 119
8 145
25 149
64 82
69 153
84 61
68 209
14 147
47 155
56 164
50 72
89 19
6 178
57 8
32 213
64 135
49 118
47 62
88 96
72 119
80 120
74 82
85 8
9 216
20 202
19 139
49 206
5 144
56 68
78 111
50 66
2 206
47 95
71 133
4 110
15 52
16 38
4 87
90 24
20 109
33 206
34 25
34 180
40 136
35 179
57 217
9 157
57 208
88 74
58 110
30 75
24 217
38 55
76 157
2 30
34 119
92 140
29 197
10 10
67 149
93 68
30 91
30 86
2 162
84 59
84 9
75 154
11 86
85 214
86 142
25 155
12 98
43 37
3 205
46 7
65 7
88 90
74 58
58 16
29 50
56 119
9 33
14 85
24 141
52 16
65 92
84 47
1 124
62 51
71 99
52 218
22 188
11 69
42 151
56 24
19 174
44 133
84 158
80 121
32 112
65 116
1 172
13 2
89 215
11 178
72 3
4 52
68 75
44 138
91 125
26 213
2 20
10 27
28 80
73 206
43 156
67 151
23 141
25 202
2 138
46 177
5 51
32 144
39 145
43 110
3 99
56 78
48 168
89 160
63 27
93 179
45 91
59 167
9 181
48 78
43 221
27 166
89 25
0 85
86 216
7 161
14 65
11 185
60 6
41 218
65 98
45 186
47 76
67 219
22 114
17 148
13 76
49 83
76 7
3 69
23 123
23 176
19 140
71 185
33 46
4 143
59 105
30 141
94 118
77 215
14 19
57 155
26 0
11 58
90 99
94 151
83 150
2 143
46 65
36 212
2 60
11 91
88 188
79 11
84 121
21 146
11 203
49 150
8 212
16 1
36 188
74 212
68 161
9 76
1 22
2 84
73 130
78 62
73 46
72 180
15 215
83 157
12 192
67 187
6 183
49 212
29 38
62 154
89 82
13 182
39 57
30 134
72 65
57 123
70 68
85 97
59 200
47 118
40 190
1 119
58 36
43 41
82 106
43 208
64 63
3 164
29 173
29 185
84 66
49 216
2 74
77 105
94 167
26 208
87 162
58 18
2 118
17 94
14 46
25 40
80 140
17 203
85 36
12 54
88 55
18 128
77 129
4 112
6 154
30 207
56 215
33 133
53 2
10 20
61 23
54 35
29 59
58 26
6 0
39 214
70 144
91 19
30 31
66 120
16 42
83 30
8 123
60 126
86 159
87 136
93 20
22 27
69 188
19 14
49 56
90 34
20 186
51 139
85 196
64 168
48 155
2 95
60 113
11 53
5 35
84 50
89 2
45 53
65 136
37 168
51 80
84 125
84 106
50 52
2 147
21 215
42 176
28 75
34 214
77 56
30 119
53 38
87 39
79 192
21 141
13 118
58 194
69 44
74 218
92 10
65 59
75 56
63 87
23 96
17 103
20 213
82 65
80 114
54 190
67 73
42 141
77 153
10 88
94 158
30 42
88 158
86 169
13 49
16 69
4 82
42 75
63 162
14 55
85 204
77 69
10 157
66 8
14 6
3 31
11 216
78 157
26 113
7 26
78 197
48 122
50 160
84 116
23 22
77 23
61 40
30 106
2 110
84 19
27 164
90 22
93 5
61 134
78 189
17 40
45 78
6 94
0 69
63 29
66 77
50 4
