0 66
1 37
1 146
1 214
2 14
2 23
2 26
2 53
2 179
3 7
3 13
3 19
3 21
3 34
3 48
3 49
3 53
3 64
3 65
3 67
3 96
3 102
3 117
3 118
3 126
3 147
3 156
3 167
3 172
3 173
3 177
3 198
3 201
4 7
4 13
4 19
4 21
4 34
4 53
4 64
4 67
4 84
4 98
4 99
4 147
4 156
4 172
4 173
4 177
4 198
4 201
5 7
5 13
5 48
5 53
5 140
5 147
5 156
5 172
5 177
5 198
5 200
5 201
6 7
6 34
6 48
6 53
6 147
6 156
6 172
6 177
7 7
7 48
7 53
7 147
7 156
7 172
7 177
8 191
9 37
10 25
11 12
11 27
11 66
11 141
12 12
12 66
12 141
13 31
13 66
13 206
14 12
14 66
15 20
15 21
15 41
15 48
15 57
15 58
15 75
15 77
15 78
15 111
15 112
15 114
15 115
15 131
15 137
15 142
15 151
15 162
15 163
15 173
16 17
16 20
16 21
16 41
16 43
16 48
16 57
16 58
16 77
16 78
16 111
16 112
16 113
16 114
16 115
16 131
16 137
16 142
16 151
16 162
16 177
17 4
17 17
17 20
17 21
17 41
17 43
17 48
17 56
17 57
17 58
17 77
17 78
17 108
17 109
17 111
17 112
17 113
17 114
17 115
17 131
17 137
17 139
17 142
17 151
17 162
17 163
17 179
17 188
18 17
18 18
18 20
18 21
18 27
18 43
18 48
18 57
18 58
18 59
18 71
18 75
18 76
18 77
18 78
18 79
18 111
18 113
18 142
18 157
18 163
18 171
18 173
18 192
18 207
19 8
19 17
19 18
19 20
19 21
19 43
19 48
19 57
19 58
19 71
19 75
19 76
19 77
19 78
19 79
19 111
19 113
19 137
19 157
19 160
19 163
19 173
19 192
19 207
20 57
20 75
20 76
20 77
20 78
20 79
20 111
20 113
20 137
20 160
20 163
20 207
21 4
21 15
21 17
21 42
21 43
21 48
21 51
21 58
21 73
21 74
21 81
21 82
21 83
21 111
21 133
21 155
21 160
21 161
21 170
21 178
21 182
21 188
21 194
21 196
21 202
21 203
21 204
21 210
22 4
22 15
22 17
22 43
22 48
22 51
22 58
22 73
22 74
22 81
22 82
22 92
22 93
22 94
22 111
22 132
22 133
22 135
22 155
22 159
22 160
22 161
22 168
22 170
22 176
22 196
22 202
22 203
22 204
22 219
23 17
23 42
23 43
23 48
23 51
23 58
23 111
23 133
23 135
23 155
23 160
23 161
23 168
23 178
23 194
24 1
24 6
24 18
24 21
24 48
24 52
24 56
24 70
24 79
24 104
24 125
24 172
24 177
24 183
25 1
25 8
25 18
25 21
25 48
25 52
25 53
25 56
25 70
25 97
25 103
25 104
25 110
25 120
25 125
25 144
25 169
25 172
25 177
25 183
25 189
26 6
26 8
26 18
26 48
26 52
26 56
26 69
26 70
26 97
26 120
26 125
26 169
26 183
27 21
27 48
27 177
28 18
28 21
28 48
28 52
28 70
28 79
28 125
28 183
29 35
29 46
29 62
29 63
29 80
29 158
29 208
29 215
30 121
31 121
32 119
32 165
33 143
34 16
35 66
36 101
37 101
37 205
38 101
38 205
39 101
40 101
41 101
41 205
42 101
43 101
43 129
43 205
44 14
44 21
44 48
44 50
44 52
44 53
44 60
44 61
44 85
44 86
44 123
44 125
44 127
44 128
44 142
44 143
44 145
44 167
44 172
44 177
44 198
44 212
44 214
45 22
45 26
45 40
45 87
45 142
45 197
46 21
46 58
46 97
46 115
46 120
46 152
47 21
47 38
47 47
47 58
47 89
47 90
47 152
47 186
47 218
48 21
48 47
48 58
48 89
48 90
48 152
48 218
49 21
49 47
49 58
49 97
49 152
50 21
50 47
50 58
50 90
50 97
50 152
51 21
51 41
51 48
51 52
51 53
51 58
51 71
51 97
51 115
51 120
51 131
51 142
51 169
51 172
51 174
51 177
51 183
52 21
52 47
52 58
52 97
52 120
53 21
53 47
53 48
53 58
53 71
53 97
53 120
53 172
53 177
53 180
54 19
54 21
54 58
54 153
54 221
54 222
55 21
55 47
55 58
55 97
56 21
56 47
56 48
56 97
57 21
57 115
57 152
59 11
59 32
59 33
59 36
59 43
59 66
59 68
59 72
59 116
60 180
61 70
61 216
62 6
62 106
62 216
63 24
63 54
63 105
63 106
63 107
63 211
63 213
63 216
63 220
64 66
65 66
67 66
68 66
69 122
70 122
72 37
72 214
73 138
74 214
75 10
75 91
75 184
75 185
76 10
76 39
76 190
77 39
77 148
77 185
78 29
78 130
78 150
79 10
79 130
79 184
80 14
80 21
80 23
80 26
80 53
80 179
81 217
82 5
82 66
82 100
83 45
84 45
84 164
85 164
86 164
87 28
87 199
88 181
89 55
89 64
89 97
89 193
90 195
91 195
92 3
93 134
94 66
