6.700000000000000000e+01
2.610000000000000000e+02
3.700000000000000000e+02
4.380000000000000000e+02
4.610000000000000000e+02
4.700000000000000000e+02
5.000000000000000000e+02
6.260000000000000000e+02
6.770000000000000000e+02
6.830000000000000000e+02
6.890000000000000000e+02
6.910000000000000000e+02
7.040000000000000000e+02
7.180000000000000000e+02
7.190000000000000000e+02
7.230000000000000000e+02
7.340000000000000000e+02
7.350000000000000000e+02
7.370000000000000000e+02
7.540000000000000000e+02
7.670000000000000000e+02
7.720000000000000000e+02
7.870000000000000000e+02
7.880000000000000000e+02
7.940000000000000000e+02
8.170000000000000000e+02
8.260000000000000000e+02
8.370000000000000000e+02
8.420000000000000000e+02
8.430000000000000000e+02
8.470000000000000000e+02
8.680000000000000000e+02
8.710000000000000000e+02
9.000000000000000000e+02
9.120000000000000000e+02
9.140000000000000000e+02
9.270000000000000000e+02
9.410000000000000000e+02
9.420000000000000000e+02
9.460000000000000000e+02
9.570000000000000000e+02
9.600000000000000000e+02
9.770000000000000000e+02
9.910000000000000000e+02
9.920000000000000000e+02
9.950000000000000000e+02
1.040000000000000000e+03
1.049000000000000000e+03
1.066000000000000000e+03
1.070000000000000000e+03
1.091000000000000000e+03
1.094000000000000000e+03
1.123000000000000000e+03
1.129000000000000000e+03
1.164000000000000000e+03
1.169000000000000000e+03
1.256000000000000000e+03
1.263000000000000000e+03
1.272000000000000000e+03
1.288000000000000000e+03
1.293000000000000000e+03
1.314000000000000000e+03
1.316000000000000000e+03
1.317000000000000000e+03
1.346000000000000000e+03
1.387000000000000000e+03
1.392000000000000000e+03
1.486000000000000000e+03
1.495000000000000000e+03
1.511000000000000000e+03
1.516000000000000000e+03
1.569000000000000000e+03
1.610000000000000000e+03
1.615000000000000000e+03
1.709000000000000000e+03
1.718000000000000000e+03
1.734000000000000000e+03
1.739000000000000000e+03
1.976000000000000000e+03
2.045000000000000000e+03
2.256000000000000000e+03
2.466000000000000000e+03
2.481000000000000000e+03
2.520000000000000000e+03
2.595000000000000000e+03
2.641000000000000000e+03
2.689000000000000000e+03
2.743000000000000000e+03
2.864000000000000000e+03
2.931000000000000000e+03
2.966000000000000000e+03
3.106000000000000000e+03
3.135000000000000000e+03
3.189000000000000000e+03
3.363000000000000000e+03
3.366000000000000000e+03
3.367000000000000000e+03
3.389000000000000000e+03
3.394000000000000000e+03
3.403000000000000000e+03
3.404000000000000000e+03
3.421000000000000000e+03
3.423000000000000000e+03
3.424000000000000000e+03
3.457000000000000000e+03
3.458000000000000000e+03
3.459000000000000000e+03
3.460000000000000000e+03
3.461000000000000000e+03
3.477000000000000000e+03
3.483000000000000000e+03
3.488000000000000000e+03
3.497000000000000000e+03
3.506000000000000000e+03
3.508000000000000000e+03
3.509000000000000000e+03
3.519000000000000000e+03
3.523000000000000000e+03
3.586000000000000000e+03
3.589000000000000000e+03
3.610000000000000000e+03
3.612000000000000000e+03
3.617000000000000000e+03
3.626000000000000000e+03
3.627000000000000000e+03
3.646000000000000000e+03
3.647000000000000000e+03
3.680000000000000000e+03
3.681000000000000000e+03
3.682000000000000000e+03
3.683000000000000000e+03
3.684000000000000000e+03
3.700000000000000000e+03
3.706000000000000000e+03
3.711000000000000000e+03
3.720000000000000000e+03
3.729000000000000000e+03
3.731000000000000000e+03
3.732000000000000000e+03
3.742000000000000000e+03
3.746000000000000000e+03
3.796000000000000000e+03
3.809000000000000000e+03
3.812000000000000000e+03
3.813000000000000000e+03
3.833000000000000000e+03
3.835000000000000000e+03
3.840000000000000000e+03
3.845000000000000000e+03
3.848000000000000000e+03
3.849000000000000000e+03
3.869000000000000000e+03
3.870000000000000000e+03
3.900000000000000000e+03
3.901000000000000000e+03
3.904000000000000000e+03
3.905000000000000000e+03
3.906000000000000000e+03
3.907000000000000000e+03
3.923000000000000000e+03
3.929000000000000000e+03
3.931000000000000000e+03
3.934000000000000000e+03
3.943000000000000000e+03
3.952000000000000000e+03
3.954000000000000000e+03
3.955000000000000000e+03
3.965000000000000000e+03
3.969000000000000000e+03
3.971000000000000000e+03
3.980000000000000000e+03
4.023000000000000000e+03
4.032000000000000000e+03
4.035000000000000000e+03
4.036000000000000000e+03
4.042000000000000000e+03
4.058000000000000000e+03
4.072000000000000000e+03
4.074000000000000000e+03
4.086000000000000000e+03
4.090000000000000000e+03
4.091000000000000000e+03
4.092000000000000000e+03
4.093000000000000000e+03
4.094000000000000000e+03
4.126000000000000000e+03
4.128000000000000000e+03
4.152000000000000000e+03
4.157000000000000000e+03
4.172000000000000000e+03
4.175000000000000000e+03
4.178000000000000000e+03
4.186000000000000000e+03
4.188000000000000000e+03
4.207000000000000000e+03
4.222000000000000000e+03
4.224000000000000000e+03
4.255000000000000000e+03
4.256000000000000000e+03
4.258000000000000000e+03
4.259000000000000000e+03
4.286000000000000000e+03
4.295000000000000000e+03
4.296000000000000000e+03
4.309000000000000000e+03
4.313000000000000000e+03
4.314000000000000000e+03
4.316000000000000000e+03
4.317000000000000000e+03
4.349000000000000000e+03
4.351000000000000000e+03
4.375000000000000000e+03
4.380000000000000000e+03
4.395000000000000000e+03
4.398000000000000000e+03
4.401000000000000000e+03
4.430000000000000000e+03
4.445000000000000000e+03
4.481000000000000000e+03
4.518000000000000000e+03
4.536000000000000000e+03
4.537000000000000000e+03
4.538000000000000000e+03
4.540000000000000000e+03
4.572000000000000000e+03
4.574000000000000000e+03
4.598000000000000000e+03
4.618000000000000000e+03
4.621000000000000000e+03
4.653000000000000000e+03
4.668000000000000000e+03
4.688000000000000000e+03
4.699000000000000000e+03
4.701000000000000000e+03
4.726000000000000000e+03
4.727000000000000000e+03
4.735000000000000000e+03
4.757000000000000000e+03
4.758000000000000000e+03
4.765000000000000000e+03
4.766000000000000000e+03
4.795000000000000000e+03
4.817000000000000000e+03
4.819000000000000000e+03
4.839000000000000000e+03
4.844000000000000000e+03
4.845000000000000000e+03
4.852000000000000000e+03
4.854000000000000000e+03
4.859000000000000000e+03
4.862000000000000000e+03
4.866000000000000000e+03
4.872000000000000000e+03
4.878000000000000000e+03
4.880000000000000000e+03
4.886000000000000000e+03
4.887000000000000000e+03
4.888000000000000000e+03
4.894000000000000000e+03
4.911000000000000000e+03
4.922000000000000000e+03
4.949000000000000000e+03
4.950000000000000000e+03
4.955000000000000000e+03
4.958000000000000000e+03
4.965000000000000000e+03
4.980000000000000000e+03
4.981000000000000000e+03
4.989000000000000000e+03
4.990000000000000000e+03
5.000000000000000000e+03
5.001000000000000000e+03
5.002000000000000000e+03
5.039000000000000000e+03
5.040000000000000000e+03
5.042000000000000000e+03
5.062000000000000000e+03
5.066000000000000000e+03
5.067000000000000000e+03
5.068000000000000000e+03
5.075000000000000000e+03
5.077000000000000000e+03
5.083000000000000000e+03
5.085000000000000000e+03
5.101000000000000000e+03
5.103000000000000000e+03
5.109000000000000000e+03
5.111000000000000000e+03
5.172000000000000000e+03
5.173000000000000000e+03
5.181000000000000000e+03
5.188000000000000000e+03
5.241000000000000000e+03
5.263000000000000000e+03
5.265000000000000000e+03
5.291000000000000000e+03
5.308000000000000000e+03
5.324000000000000000e+03
5.332000000000000000e+03
5.359000000000000000e+03
5.371000000000000000e+03
5.374000000000000000e+03
5.401000000000000000e+03
5.405000000000000000e+03
5.409000000000000000e+03
5.423000000000000000e+03
5.432000000000000000e+03
5.457000000000000000e+03
5.478000000000000000e+03
5.530000000000000000e+03
5.536000000000000000e+03
5.577000000000000000e+03
5.584000000000000000e+03
5.594000000000000000e+03
5.597000000000000000e+03
5.624000000000000000e+03
5.628000000000000000e+03
5.629000000000000000e+03
5.632000000000000000e+03
5.646000000000000000e+03
5.673000000000000000e+03
5.679000000000000000e+03
5.680000000000000000e+03
5.686000000000000000e+03
5.696000000000000000e+03
5.701000000000000000e+03
5.712000000000000000e+03
5.720000000000000000e+03
5.745000000000000000e+03
5.748000000000000000e+03
5.759000000000000000e+03
5.805000000000000000e+03
5.807000000000000000e+03
5.817000000000000000e+03
5.847000000000000000e+03
5.851000000000000000e+03
5.868000000000000000e+03
5.869000000000000000e+03
5.896000000000000000e+03
5.924000000000000000e+03
5.968000000000000000e+03
5.982000000000000000e+03
6.043000000000000000e+03
6.070000000000000000e+03
6.194000000000000000e+03
6.199000000000000000e+03
6.263000000000000000e+03
6.266000000000000000e+03
6.293000000000000000e+03
6.297000000000000000e+03
6.315000000000000000e+03
6.324000000000000000e+03
6.370000000000000000e+03
6.428000000000000000e+03
6.503000000000000000e+03
6.514000000000000000e+03
6.530000000000000000e+03
6.531000000000000000e+03
6.548000000000000000e+03
6.626000000000000000e+03
6.676000000000000000e+03
6.683000000000000000e+03
6.812000000000000000e+03
7.035000000000000000e+03
7.256000000000000000e+03
7.302000000000000000e+03
7.303000000000000000e+03
7.503000000000000000e+03
7.599000000000000000e+03
7.872000000000000000e+03
8.130000000000000000e+03
8.353000000000000000e+03
8.457000000000000000e+03
8.576000000000000000e+03
8.680000000000000000e+03
8.799000000000000000e+03
9.245000000000000000e+03
9.349000000000000000e+03
9.468000000000000000e+03
9.691000000000000000e+03
9.719000000000000000e+03
9.795000000000000000e+03
9.834000000000000000e+03
9.836000000000000000e+03
9.843000000000000000e+03
9.861000000000000000e+03
9.863000000000000000e+03
9.865000000000000000e+03
9.866000000000000000e+03
9.873000000000000000e+03
9.874000000000000000e+03
9.898000000000000000e+03
9.899000000000000000e+03
9.936000000000000000e+03
9.938000000000000000e+03
9.940000000000000000e+03
9.941000000000000000e+03
9.955000000000000000e+03
9.956000000000000000e+03
9.958000000000000000e+03
9.980000000000000000e+03
9.985000000000000000e+03
9.990000000000000000e+03
9.992000000000000000e+03
1.001100000000000000e+04
1.002500000000000000e+04
1.002700000000000000e+04
1.005800000000000000e+04
1.007600000000000000e+04
1.008000000000000000e+04
1.012300000000000000e+04
1.017800000000000000e+04
1.023300000000000000e+04
1.028000000000000000e+04
1.030600000000000000e+04
1.031700000000000000e+04
1.035600000000000000e+04
1.037400000000000000e+04
1.037900000000000000e+04
1.041100000000000000e+04
1.050300000000000000e+04
1.052000000000000000e+04
1.052900000000000000e+04
1.054000000000000000e+04
1.057100000000000000e+04
1.057900000000000000e+04
1.066800000000000000e+04
1.070000000000000000e+04
1.072600000000000000e+04
1.074300000000000000e+04
1.075200000000000000e+04
1.076300000000000000e+04
1.079400000000000000e+04
1.079500000000000000e+04
1.080200000000000000e+04
1.085700000000000000e+04
1.089100000000000000e+04
1.092300000000000000e+04
1.094900000000000000e+04
1.097500000000000000e+04
1.098600000000000000e+04
1.102500000000000000e+04
1.108000000000000000e+04
1.117200000000000000e+04
1.119800000000000000e+04
1.120900000000000000e+04
1.123900000000000000e+04
1.124800000000000000e+04
1.139200000000000000e+04
1.139500000000000000e+04
1.142100000000000000e+04
1.142200000000000000e+04
1.143200000000000000e+04
1.144500000000000000e+04
1.147100000000000000e+04
1.148900000000000000e+04
1.149400000000000000e+04
1.150500000000000000e+04
1.151600000000000000e+04
1.154300000000000000e+04
1.154600000000000000e+04
1.154800000000000000e+04
1.155100000000000000e+04
1.155700000000000000e+04
1.161800000000000000e+04
1.164400000000000000e+04
1.165500000000000000e+04
1.171700000000000000e+04
1.174900000000000000e+04
1.184100000000000000e+04
1.186700000000000000e+04
1.186800000000000000e+04
1.187800000000000000e+04
1.189100000000000000e+04
1.191700000000000000e+04
1.199200000000000000e+04
1.200000000000000000e+04
1.206200000000000000e+04
1.206400000000000000e+04
1.209000000000000000e+04
1.210100000000000000e+04
1.214000000000000000e+04
1.219600000000000000e+04
1.226400000000000000e+04
1.226500000000000000e+04
1.231300000000000000e+04
1.232400000000000000e+04
1.236300000000000000e+04
1.251000000000000000e+04
1.253600000000000000e+04
1.253700000000000000e+04
1.254700000000000000e+04
1.258600000000000000e+04
1.273300000000000000e+04
1.282700000000000000e+04
1.286400000000000000e+04
1.293500000000000000e+04
1.316700000000000000e+04
1.316900000000000000e+04
1.319000000000000000e+04
1.319100000000000000e+04
1.319400000000000000e+04
1.320100000000000000e+04
1.322400000000000000e+04
1.322600000000000000e+04
1.323000000000000000e+04
1.327400000000000000e+04
1.356100000000000000e+04
1.367400000000000000e+04
1.393200000000000000e+04
1.393300000000000000e+04
1.404300000000000000e+04
1.407400000000000000e+04
1.410400000000000000e+04
1.415500000000000000e+04
1.415600000000000000e+04
1.415700000000000000e+04
1.426100000000000000e+04
1.426300000000000000e+04
1.426600000000000000e+04
1.427000000000000000e+04
1.456200000000000000e+04
1.478500000000000000e+04
1.500800000000000000e+04
1.523100000000000000e+04
1.551000000000000000e+04
1.573300000000000000e+04
1.587100000000000000e+04
1.609400000000000000e+04
1.627100000000000000e+04
1.641800000000000000e+04
1.671700000000000000e+04
1.681700000000000000e+04
1.691000000000000000e+04
1.691100000000000000e+04
1.695900000000000000e+04
1.698800000000000000e+04
1.713900000000000000e+04
1.721100000000000000e+04
1.732000000000000000e+04
1.735700000000000000e+04
1.742400000000000000e+04
1.752500000000000000e+04
1.754500000000000000e+04
1.762000000000000000e+04
1.762800000000000000e+04
1.774800000000000000e+04
1.780200000000000000e+04
1.785500000000000000e+04
1.786200000000000000e+04
1.786400000000000000e+04
1.786700000000000000e+04
1.789400000000000000e+04
1.802000000000000000e+04
1.835300000000000000e+04
1.838700000000000000e+04
1.855500000000000000e+04
1.912000000000000000e+04
1.934300000000000000e+04
1.943000000000000000e+04
1.977400000000000000e+04
1.977900000000000000e+04
1.980600000000000000e+04
1.990300000000000000e+04
1.991200000000000000e+04
1.994500000000000000e+04
2.004100000000000000e+04
2.026600000000000000e+04
2.048900000000000000e+04
2.052000000000000000e+04
2.087400000000000000e+04
