1.873500000000000000e+04
1.377000000000000000e+04
1.001500000000000000e+04
1.117800000000000000e+04
6.431000000000000000e+03
1.546500000000000000e+04
2.067200000000000000e+04
1.638900000000000000e+04
1.026200000000000000e+04
1.953100000000000000e+04
1.971900000000000000e+04
1.027300000000000000e+04
8.348000000000000000e+03
1.090400000000000000e+04
8.841000000000000000e+03
7.486000000000000000e+03
1.935900000000000000e+04
4.559000000000000000e+03
6.246000000000000000e+03
3.889000000000000000e+03
4.954000000000000000e+03
1.225400000000000000e+04
4.946000000000000000e+03
3.023000000000000000e+03
1.928800000000000000e+04
8.850000000000000000e+02
1.800000000000000000e+03
6.940000000000000000e+03
3.190000000000000000e+03
5.367000000000000000e+03
5.199000000000000000e+03
8.980000000000000000e+03
6.839000000000000000e+03
1.323200000000000000e+04
1.782300000000000000e+04
1.963800000000000000e+04
1.807700000000000000e+04
5.329000000000000000e+03
5.461000000000000000e+03
6.109000000000000000e+03
9.210000000000000000e+03
2.617000000000000000e+03
1.524700000000000000e+04
1.681600000000000000e+04
2.033300000000000000e+04
4.875000000000000000e+03
2.112000000000000000e+03
1.132000000000000000e+03
1.691600000000000000e+04
1.560100000000000000e+04
1.100700000000000000e+04
7.137000000000000000e+03
1.752200000000000000e+04
1.285800000000000000e+04
1.193300000000000000e+04
1.837000000000000000e+04
2.150000000000000000e+02
1.871600000000000000e+04
1.423500000000000000e+04
5.315000000000000000e+03
7.322000000000000000e+03
1.236000000000000000e+04
3.187000000000000000e+03
2.616000000000000000e+03
8.058000000000000000e+03
1.985800000000000000e+04
1.318900000000000000e+04
3.610000000000000000e+02
1.222900000000000000e+04
1.808300000000000000e+04
1.773000000000000000e+04
8.509000000000000000e+03
6.354000000000000000e+03
1.248700000000000000e+04
1.054800000000000000e+04
1.207400000000000000e+04
1.278900000000000000e+04
1.991600000000000000e+04
6.093000000000000000e+03
1.317000000000000000e+04
1.852700000000000000e+04
1.120000000000000000e+04
1.855200000000000000e+04
5.349000000000000000e+03
1.050000000000000000e+03
9.419000000000000000e+03
3.063000000000000000e+03
5.588000000000000000e+03
4.550000000000000000e+03
8.903000000000000000e+03
1.298300000000000000e+04
1.040500000000000000e+04
2.489000000000000000e+03
2.084700000000000000e+04
7.244000000000000000e+03
1.924000000000000000e+04
9.125000000000000000e+03
2.051300000000000000e+04
6.740000000000000000e+03
9.246000000000000000e+03
3.788000000000000000e+03
1.494700000000000000e+04
1.317600000000000000e+04
1.292600000000000000e+04
8.821000000000000000e+03
9.854000000000000000e+03
1.881000000000000000e+04
5.282000000000000000e+03
3.691000000000000000e+03
7.791000000000000000e+03
1.229300000000000000e+04
1.438300000000000000e+04
6.330000000000000000e+02
9.275000000000000000e+03
1.749400000000000000e+04
2.490000000000000000e+03
8.978000000000000000e+03
1.389700000000000000e+04
2.109500000000000000e+04
2.015900000000000000e+04
5.752000000000000000e+03
2.057600000000000000e+04
5.879000000000000000e+03
8.331000000000000000e+03
9.000000000000000000e+00
1.112600000000000000e+04
1.280000000000000000e+03
8.606000000000000000e+03
1.086900000000000000e+04
1.641700000000000000e+04
1.584000000000000000e+03
1.572700000000000000e+04
1.389200000000000000e+04
8.399000000000000000e+03
6.848000000000000000e+03
1.069800000000000000e+04
1.797700000000000000e+04
1.287100000000000000e+04
1.954500000000000000e+04
1.040300000000000000e+04
6.301000000000000000e+03
8.001000000000000000e+03
1.485000000000000000e+03
6.126000000000000000e+03
1.910400000000000000e+04
1.083300000000000000e+04
6.142000000000000000e+03
9.707000000000000000e+03
1.062100000000000000e+04
3.908000000000000000e+03
1.051000000000000000e+03
1.454000000000000000e+04
1.313500000000000000e+04
3.050000000000000000e+02
1.230000000000000000e+04
9.742000000000000000e+03
8.964000000000000000e+03
1.505800000000000000e+04
6.997000000000000000e+03
1.408800000000000000e+04
3.268000000000000000e+03
1.580500000000000000e+04
1.586200000000000000e+04
1.596200000000000000e+04
1.877700000000000000e+04
4.636000000000000000e+03
1.252800000000000000e+04
1.562500000000000000e+04
1.621400000000000000e+04
9.704000000000000000e+03
1.205900000000000000e+04
8.522000000000000000e+03
1.886300000000000000e+04
8.045000000000000000e+03
1.804300000000000000e+04
1.647200000000000000e+04
1.630400000000000000e+04
3.528000000000000000e+03
1.303600000000000000e+04
7.104000000000000000e+03
1.139800000000000000e+04
2.783000000000000000e+03
1.773100000000000000e+04
1.853700000000000000e+04
1.316500000000000000e+04
6.910000000000000000e+03
2.062200000000000000e+04
1.376500000000000000e+04
9.355000000000000000e+03
8.059000000000000000e+03
7.232000000000000000e+03
1.801100000000000000e+04
5.079000000000000000e+03
9.041000000000000000e+03
1.795200000000000000e+04
3.933000000000000000e+03
3.470000000000000000e+03
2.715000000000000000e+03
4.521000000000000000e+03
6.090000000000000000e+03
1.704000000000000000e+03
1.620200000000000000e+04
4.410000000000000000e+03
1.308800000000000000e+04
1.466100000000000000e+04
4.675000000000000000e+03
1.989600000000000000e+04
9.842000000000000000e+03
6.627000000000000000e+03
5.810000000000000000e+03
1.025000000000000000e+04
1.758200000000000000e+04
1.112200000000000000e+04
1.746300000000000000e+04
2.046100000000000000e+04
2.181000000000000000e+03
1.908600000000000000e+04
1.096600000000000000e+04
9.655000000000000000e+03
1.200400000000000000e+04
1.979000000000000000e+04
6.537000000000000000e+03
1.754300000000000000e+04
1.279500000000000000e+04
2.751000000000000000e+03
1.512200000000000000e+04
7.565000000000000000e+03
1.299200000000000000e+04
8.373000000000000000e+03
2.659000000000000000e+03
1.240700000000000000e+04
1.964300000000000000e+04
1.813900000000000000e+04
1.490000000000000000e+04
1.614900000000000000e+04
6.235000000000000000e+03
1.400000000000000000e+02
1.515700000000000000e+04
1.401500000000000000e+04
5.800000000000000000e+02
2.090000000000000000e+02
6.250000000000000000e+02
5.660000000000000000e+02
1.930000000000000000e+03
5.725000000000000000e+03
1.554100000000000000e+04
1.879400000000000000e+04
1.537400000000000000e+04
3.270000000000000000e+03
1.063700000000000000e+04
1.265300000000000000e+04
1.122300000000000000e+04
1.517000000000000000e+03
1.272000000000000000e+04
7.350000000000000000e+03
1.440800000000000000e+04
1.054400000000000000e+04
1.972100000000000000e+04
1.617600000000000000e+04
1.796100000000000000e+04
1.658500000000000000e+04
1.896400000000000000e+04
2.224000000000000000e+03
4.663000000000000000e+03
4.377000000000000000e+03
1.113400000000000000e+04
1.260000000000000000e+03
1.255700000000000000e+04
1.750600000000000000e+04
1.121700000000000000e+04
6.530000000000000000e+02
1.057700000000000000e+04
1.596700000000000000e+04
1.003000000000000000e+03
3.398000000000000000e+03
3.607000000000000000e+03
9.800000000000000000e+02
2.009500000000000000e+04
4.570000000000000000e+03
7.566000000000000000e+03
7.608000000000000000e+03
7.763000000000000000e+03
7.985000000000000000e+03
1.292900000000000000e+04
2.165000000000000000e+03
1.292000000000000000e+04
1.969900000000000000e+04
1.304500000000000000e+04
6.766000000000000000e+03
5.570000000000000000e+03
8.530000000000000000e+03
1.710600000000000000e+04
4.770000000000000000e+02
2.065700000000000000e+04
6.665000000000000000e+03
2.241000000000000000e+03
6.782000000000000000e+03
6.090000000000000000e+02
1.879200000000000000e+04
1.874200000000000000e+04
1.688000000000000000e+04
2.540000000000000000e+03
1.917000000000000000e+04
1.932100000000000000e+04
5.731000000000000000e+03
9.627000000000000000e+03
8.750000000000000000e+02
1.026600000000000000e+04
1.450300000000000000e+04
1.971500000000000000e+04
1.656100000000000000e+04
1.295100000000000000e+04
6.518000000000000000e+03
1.260800000000000000e+04
2.041000000000000000e+03
3.208000000000000000e+03
5.494000000000000000e+03
1.161300000000000000e+04
1.458800000000000000e+04
1.878000000000000000e+04
3.480000000000000000e+02
1.387800000000000000e+04
1.593300000000000000e+04
1.181500000000000000e+04
5.095000000000000000e+03
2.523000000000000000e+03
9.518000000000000000e+03
1.251300000000000000e+04
4.412000000000000000e+03
9.946000000000000000e+03
1.889100000000000000e+04
1.796200000000000000e+04
7.249000000000000000e+03
1.461200000000000000e+04
2.902000000000000000e+03
2.006300000000000000e+04
2.632000000000000000e+03
1.606000000000000000e+04
1.524000000000000000e+04
9.951000000000000000e+03
2.041900000000000000e+04
6.012000000000000000e+03
4.670000000000000000e+02
2.258000000000000000e+03
6.325000000000000000e+03
1.648600000000000000e+04
9.746000000000000000e+03
1.509300000000000000e+04
5.271000000000000000e+03
5.778000000000000000e+03
5.850000000000000000e+02
7.281000000000000000e+03
8.843000000000000000e+03
9.700000000000000000e+03
7.690000000000000000e+02
1.256700000000000000e+04
1.087300000000000000e+04
2.000800000000000000e+04
1.407700000000000000e+04
2.091900000000000000e+04
1.012700000000000000e+04
1.332500000000000000e+04
2.189000000000000000e+03
1.078300000000000000e+04
9.811000000000000000e+03
6.188000000000000000e+03
1.987300000000000000e+04
1.939500000000000000e+04
1.723000000000000000e+03
3.188000000000000000e+03
2.639000000000000000e+03
1.338700000000000000e+04
9.362000000000000000e+03
1.459400000000000000e+04
1.022200000000000000e+04
1.055800000000000000e+04
1.516100000000000000e+04
5.021000000000000000e+03
3.940000000000000000e+03
2.976000000000000000e+03
1.101100000000000000e+04
1.695600000000000000e+04
7.390000000000000000e+02
5.253000000000000000e+03
5.306000000000000000e+03
4.378000000000000000e+03
1.601900000000000000e+04
7.406000000000000000e+03
1.036000000000000000e+03
1.326300000000000000e+04
6.832000000000000000e+03
2.108100000000000000e+04
1.738700000000000000e+04
3.142000000000000000e+03
1.286700000000000000e+04
5.799000000000000000e+03
2.512000000000000000e+03
2.017000000000000000e+04
2.111400000000000000e+04
1.866000000000000000e+04
5.900000000000000000e+02
1.032400000000000000e+04
8.241000000000000000e+03
5.070000000000000000e+02
2.545000000000000000e+03
1.981300000000000000e+04
1.762900000000000000e+04
1.885400000000000000e+04
4.830000000000000000e+03
1.107800000000000000e+04
1.997000000000000000e+03
3.570000000000000000e+03
8.217000000000000000e+03
1.671500000000000000e+04
1.532600000000000000e+04
2.084000000000000000e+03
2.460000000000000000e+02
5.310000000000000000e+02
1.641000000000000000e+04
1.745700000000000000e+04
1.632600000000000000e+04
1.623700000000000000e+04
3.561000000000000000e+03
1.866700000000000000e+04
2.869000000000000000e+03
1.512900000000000000e+04
1.522000000000000000e+03
1.114000000000000000e+04
1.398100000000000000e+04
1.993000000000000000e+04
3.082000000000000000e+03
8.755000000000000000e+03
6.825000000000000000e+03
1.612200000000000000e+04
1.283500000000000000e+04
1.567900000000000000e+04
1.335800000000000000e+04
1.060000000000000000e+04
9.111000000000000000e+03
3.430000000000000000e+02
1.297100000000000000e+04
9.631000000000000000e+03
1.839300000000000000e+04
9.798000000000000000e+03
1.433600000000000000e+04
8.340000000000000000e+02
6.641000000000000000e+03
6.653000000000000000e+03
1.879900000000000000e+04
1.114400000000000000e+04
5.210000000000000000e+02
1.727700000000000000e+04
2.113000000000000000e+04
6.007000000000000000e+03
1.956400000000000000e+04
5.650000000000000000e+02
3.169000000000000000e+03
5.616000000000000000e+03
1.798100000000000000e+04
3.995000000000000000e+03
1.899200000000000000e+04
2.731000000000000000e+03
1.968000000000000000e+04
4.143000000000000000e+03
1.730100000000000000e+04
1.005000000000000000e+03
1.493000000000000000e+03
6.898000000000000000e+03
1.270400000000000000e+04
7.493000000000000000e+03
1.182200000000000000e+04
2.251000000000000000e+03
1.362700000000000000e+04
6.527000000000000000e+03
1.296100000000000000e+04
1.339000000000000000e+03
8.912000000000000000e+03
1.575500000000000000e+04
2.031300000000000000e+04
6.722000000000000000e+03
1.483900000000000000e+04
3.611000000000000000e+03
1.854000000000000000e+04
1.908000000000000000e+03
1.350700000000000000e+04
1.933800000000000000e+04
1.953800000000000000e+04
2.076000000000000000e+04
4.934000000000000000e+03
1.557600000000000000e+04
4.252000000000000000e+03
1.098400000000000000e+04
2.010500000000000000e+04
4.647000000000000000e+03
1.151300000000000000e+04
1.444100000000000000e+04
1.086000000000000000e+04
5.420000000000000000e+02
1.349400000000000000e+04
2.507000000000000000e+03
1.151000000000000000e+03
1.878300000000000000e+04
1.985000000000000000e+04
1.463200000000000000e+04
8.420000000000000000e+03
1.145400000000000000e+04
1.885800000000000000e+04
1.883900000000000000e+04
1.120300000000000000e+04
5.940000000000000000e+02
4.899000000000000000e+03
9.543000000000000000e+03
6.320000000000000000e+03
7.797000000000000000e+03
1.722800000000000000e+04
1.185800000000000000e+04
1.944100000000000000e+04
4.825000000000000000e+03
3.018000000000000000e+03
1.312900000000000000e+04
1.543200000000000000e+04
1.672100000000000000e+04
2.052700000000000000e+04
1.678200000000000000e+04
1.413700000000000000e+04
3.895000000000000000e+03
4.674000000000000000e+03
1.835200000000000000e+04
1.795500000000000000e+04
1.223300000000000000e+04
1.501500000000000000e+04
9.508000000000000000e+03
2.319000000000000000e+03
2.112100000000000000e+04
6.733000000000000000e+03
1.978300000000000000e+04
1.934800000000000000e+04
2.949000000000000000e+03
3.638000000000000000e+03
9.750000000000000000e+02
9.442000000000000000e+03
1.421200000000000000e+04
3.178000000000000000e+03
1.916000000000000000e+04
1.724100000000000000e+04
2.388000000000000000e+03
3.129000000000000000e+03
7.010000000000000000e+02
2.670000000000000000e+03
1.755200000000000000e+04
5.912000000000000000e+03
1.588000000000000000e+03
1.759200000000000000e+04
1.082700000000000000e+04
1.884900000000000000e+04
5.152000000000000000e+03
1.719500000000000000e+04
1.364400000000000000e+04
6.797000000000000000e+03
5.570000000000000000e+02
1.875200000000000000e+04
6.186000000000000000e+03
2.009300000000000000e+04
2.074500000000000000e+04
1.373800000000000000e+04
1.758400000000000000e+04
3.832000000000000000e+03
1.011400000000000000e+04
1.433000000000000000e+03
7.000000000000000000e+01
1.479600000000000000e+04
1.115500000000000000e+04
