0 58
1 24
2 79
3 92
4 17
4 21
4 22
5 82
6 24
6 26
6 62
7 3
7 4
7 5
7 6
7 7
8 19
8 25
8 26
9 59
10 75
10 76
10 79
11 59
12 11
12 12
12 14
13 3
13 4
13 5
14 2
14 44
14 80
15 21
15 22
16 34
17 15
17 17
17 18
17 19
17 21
17 22
17 23
18 18
18 24
18 25
18 26
18 28
18 51
19 3
19 4
19 54
20 15
20 16
20 17
20 18
20 19
20 20
21 3
21 4
21 15
21 16
21 17
21 18
21 24
21 25
21 27
21 28
21 46
21 47
21 48
21 49
21 50
21 51
21 52
21 53
21 54
21 55
21 56
21 57
21 80
22 45
23 2
23 44
23 80
24 63
25 10
26 2
26 45
26 80
27 18
30 44
31 13
32 59
33 59
34 3
34 4
35 29
36 59
37 1
37 9
37 72
38 48
39 76
39 77
40 45
41 15
41 16
41 17
41 51
42 21
42 23
43 15
43 16
43 17
43 18
43 21
43 22
43 23
43 59
44 45
45 84
46 29
47 46
47 47
47 48
47 49
47 50
47 51
47 52
47 53
47 55
47 56
48 3
48 4
48 5
48 6
48 7
48 16
48 17
48 18
48 21
48 22
48 23
48 24
48 25
48 26
48 27
48 28
48 44
48 51
48 53
48 56
49 3
49 4
50 44
51 21
51 22
52 24
52 25
52 26
52 44
52 51
53 2
53 3
53 4
53 6
53 7
53 17
53 25
53 44
53 51
53 80
54 63
55 89
56 17
56 24
56 25
56 26
57 15
57 16
57 17
57 18
57 19
57 20
58 15
58 16
58 18
58 19
58 21
58 22
58 47
58 48
58 49
58 50
58 51
58 52
58 53
58 54
58 55
59 18
60 44
61 44
62 29
63 29
64 3
64 4
64 89
65 3
66 0
66 11
66 12
66 13
66 14
66 35
66 59
66 64
66 65
66 66
66 68
66 82
66 94
67 3
67 4
68 59
69 26
70 24
70 26
70 61
71 18
71 19
71 51
71 53
72 59
73 21
73 22
74 21
74 22
75 15
75 18
75 19
75 20
76 18
76 20
77 15
77 16
77 17
77 18
77 19
77 20
78 15
78 16
78 17
78 18
78 19
78 20
79 18
79 19
79 20
79 24
79 28
81 21
81 22
82 21
82 22
83 21
83 22
84 3
84 4
85 44
86 44
87 45
88 50
89 47
89 48
90 47
90 48
90 50
91 75
92 22
93 22
94 22
95 22
96 3
97 3
97 25
97 26
97 46
97 47
97 48
97 49
97 50
97 52
97 53
97 54
97 55
97 56
97 89
98 4
99 4
100 82
101 36
101 37
101 38
101 39
101 40
101 41
101 42
102 4
103 25
104 24
104 25
105 62
105 63
106 62
106 63
107 63
108 17
109 17
110 25
111 15
111 16
111 17
111 18
111 19
111 22
111 23
112 15
112 16
112 17
113 16
113 17
113 18
113 19
113 20
114 16
114 17
115 15
115 16
115 17
115 46
115 51
115 57
117 3
119 32
120 25
120 26
120 46
120 51
120 52
120 53
121 31
122 69
122 70
124 3
125 24
125 25
125 26
125 28
125 44
126 3
127 44
128 44
129 43
130 78
130 79
131 15
131 16
131 51
133 21
133 22
133 23
134 93
135 21
135 22
136 25
137 16
137 17
137 18
137 19
137 20
138 73
139 17
140 5
141 11
141 12
142 15
142 16
142 17
142 18
142 19
142 44
142 45
142 51
143 33
143 44
144 25
145 44
146 1
147 3
147 4
147 5
147 6
147 7
148 77
149 88
151 15
151 16
151 17
152 46
152 47
152 48
152 49
152 50
152 52
152 57
153 54
154 88
155 21
155 22
155 23
156 3
156 4
156 5
156 6
156 7
157 18
157 19
157 20
158 29
159 22
160 15
160 16
160 17
160 18
160 19
160 20
160 21
160 23
161 21
161 22
161 23
162 15
162 16
162 17
163 15
163 16
163 17
163 18
163 19
163 20
164 84
164 85
164 86
165 32
166 32
167 3
168 21
168 22
168 23
169 25
169 26
170 21
170 22
171 18
172 3
172 4
172 5
172 6
172 7
172 24
172 25
172 27
172 44
172 51
172 53
173 3
173 4
173 15
173 16
173 17
173 18
173 19
174 51
175 21
176 22
177 3
177 4
177 5
177 6
177 7
177 15
177 16
177 17
177 24
177 27
177 44
177 51
177 53
178 21
178 22
178 23
179 2
179 17
179 44
180 53
180 60
181 88
183 24
183 25
183 26
183 28
183 51
184 75
184 79
185 75
185 77
186 48
187 11
187 12
188 17
188 21
189 25
191 8
192 18
192 19
192 20
193 89
194 21
194 22
194 23
195 90
195 91
196 21
197 45
198 3
198 4
198 5
198 44
201 5
202 21
202 22
202 23
203 21
203 22
204 21
204 22
205 37
205 38
205 43
206 13
207 18
207 19
207 20
208 29
209 18
210 21
211 63
212 44
213 63
214 1
214 44
214 72
214 74
215 29
216 61
216 62
217 81
218 47
218 48
220 63
222 54
