0 0
0 117
1 11
1 47
2 5
3 361
4 361
5 261
6 361
7 361
8 361
9 361
10 361
11 361
12 76
13 15
13 49
14 13
14 22
15 39
15 325
16 28
16 53
17 261
17 300
17 368
17 369
17 371
17 429
17 430
17 431
18 63
18 164
18 377
19 245
19 432
20 5
21 0
21 16
21 359
22 251
23 15
23 49
24 0
25 212
25 213
25 425
26 69
26 70
26 98
26 110
26 130
26 141
26 186
26 237
26 243
26 272
26 273
26 275
26 303
26 304
26 305
26 316
26 352
26 357
26 367
26 370
27 40
27 68
27 100
27 104
27 107
27 116
27 141
27 148
27 163
27 232
27 377
28 0
29 328
30 110
30 130
30 141
31 63
31 164
31 377
32 251
33 28
33 53
34 0
35 0
36 15
36 49
37 28
37 53
38 64
38 92
38 138
38 139
38 147
38 178
38 179
38 181
38 242
38 426
39 28
39 53
40 0
41 49
41 254
42 245
43 0
44 117
45 0
46 229
46 260
46 293
46 310
46 358
46 434
47 245
48 15
49 15
49 49
50 0
51 0
52 0
53 110
53 130
53 141
54 0
55 28
55 53
56 212
56 213
56 425
57 245
57 333
58 261
59 0
60 196
60 198
61 113
61 359
62 28
62 53
63 110
63 130
63 141
64 28
64 53
65 11
66 19
67 312
68 312
69 312
70 28
70 53
71 415
72 11
73 284
73 365
73 391
74 261
74 300
74 368
74 369
74 371
74 429
74 430
74 431
75 261
76 28
76 53
77 49
77 254
78 166
79 377
80 63
80 68
80 100
80 104
80 116
80 141
80 148
80 162
80 163
80 195
80 217
80 219
80 232
80 259
80 338
80 377
80 410
80 411
80 412
81 40
81 63
81 68
81 77
81 100
81 104
81 107
81 116
81 121
81 141
81 148
81 158
81 162
81 163
81 195
81 217
81 219
81 232
81 259
81 338
81 377
81 410
81 411
81 412
82 40
82 68
82 100
82 104
82 107
82 116
82 141
82 148
82 163
82 217
82 219
82 232
82 259
82 338
82 377
82 410
82 411
82 412
83 40
83 68
83 100
83 104
83 107
83 116
83 141
83 148
83 163
83 217
83 219
83 232
83 259
83 338
83 377
83 410
83 411
83 412
84 40
84 68
84 100
84 104
84 107
84 116
84 148
84 163
84 195
84 217
84 219
84 232
84 259
84 338
84 372
84 377
84 410
84 411
84 412
85 40
85 68
85 100
85 104
85 107
85 116
85 141
85 148
85 163
85 217
85 219
85 232
85 259
85 338
85 377
85 410
85 411
85 412
86 40
86 68
86 100
86 104
86 107
86 116
86 141
86 148
86 163
86 217
86 219
86 232
86 259
86 338
86 372
86 377
86 410
86 411
86 412
87 40
87 68
87 100
87 104
87 107
87 116
87 141
87 148
87 163
87 217
87 219
87 232
87 259
87 338
87 377
87 410
87 411
87 412
88 40
88 68
88 77
88 79
88 85
88 100
88 104
88 107
88 109
88 116
88 134
88 141
88 143
88 145
88 148
88 163
88 205
88 217
88 219
88 232
88 259
88 338
88 377
88 410
88 411
88 412
88 441
89 40
89 68
89 73
89 100
89 104
89 107
89 116
89 141
89 148
89 163
89 168
89 217
89 219
89 232
89 259
89 333
89 338
89 377
89 410
89 411
89 412
89 440
90 33
90 40
90 68
90 85
90 100
90 104
90 107
90 109
90 134
90 141
90 148
90 160
90 163
90 167
90 205
90 217
90 219
90 232
90 259
90 338
90 377
90 410
90 411
90 412
90 441
91 40
91 68
91 100
91 104
91 107
91 116
91 141
91 148
91 163
91 217
91 219
91 232
91 259
91 338
91 377
91 410
91 411
91 412
92 40
92 63
92 68
92 71
92 75
92 77
92 82
92 100
92 104
92 107
92 116
92 121
92 131
92 140
92 141
92 148
92 158
92 163
92 217
92 219
92 232
92 239
92 259
92 330
92 338
92 353
92 377
92 410
92 411
92 412
93 37
93 40
93 63
93 68
93 100
93 104
93 107
93 116
93 141
93 149
93 150
93 153
93 163
93 195
93 217
93 219
93 232
93 259
93 338
93 377
93 410
93 411
93 412
94 40
94 68
94 100
94 104
94 107
94 116
94 141
94 148
94 163
94 217
94 219
94 232
94 259
94 338
94 377
94 410
94 411
94 412
95 40
95 68
95 100
95 104
95 107
95 116
95 141
95 148
95 163
95 217
95 219
95 232
95 259
95 338
95 377
95 410
95 411
95 412
96 39
96 40
96 68
96 71
96 73
96 75
96 77
96 79
96 96
96 100
96 102
96 104
96 107
96 115
96 116
96 131
96 140
96 141
96 148
96 155
96 158
96 163
96 217
96 219
96 232
96 259
96 298
96 333
96 338
96 377
96 410
96 411
96 412
96 441
97 40
97 68
97 100
97 104
97 107
97 116
97 141
97 148
97 163
97 217
97 219
97 232
97 259
97 338
97 377
97 410
97 411
97 412
98 40
98 68
98 100
98 104
98 107
98 116
98 141
98 148
98 163
98 232
99 40
99 68
99 100
99 104
99 107
99 116
99 141
99 148
99 163
99 217
99 219
99 232
99 259
99 338
99 377
99 410
99 411
99 412
100 40
100 68
100 100
100 104
100 107
100 116
100 141
100 148
100 163
100 232
100 377
101 40
101 68
101 100
101 104
101 107
101 116
101 141
101 148
101 163
101 232
101 377
102 40
102 68
102 100
102 104
102 116
102 141
102 148
102 163
102 232
102 377
103 40
103 68
103 100
103 104
103 107
103 116
103 141
103 148
103 163
103 232
103 377
104 40
104 68
104 100
104 104
104 141
104 148
104 163
104 232
104 377
105 40
105 68
105 100
105 104
105 107
105 116
105 141
105 148
105 163
105 232
105 377
105 411
105 412
106 40
106 46
106 68
106 100
106 104
106 107
106 116
106 141
106 148
106 163
106 217
106 218
106 219
106 232
106 259
106 338
106 377
106 410
106 411
106 412
107 40
107 68
107 100
107 104
107 107
107 116
107 141
107 148
107 232
107 377
108 40
108 57
108 68
108 100
108 104
108 107
108 116
108 141
108 148
108 163
108 232
108 377
109 35
109 40
109 56
109 68
109 100
109 104
109 107
109 116
109 141
109 148
109 163
109 232
109 377
110 40
110 68
110 100
110 104
110 107
110 116
110 141
110 148
110 163
110 232
110 340
110 377
111 1
111 12
112 37
112 413
113 334
114 59
114 72
114 95
114 101
114 112
114 123
114 169
114 170
114 171
114 172
114 173
114 231
114 235
114 265
114 270
114 291
114 364
114 374
114 397
114 398
114 399
114 400
114 401
114 402
114 403
114 404
114 405
114 406
114 407
114 408
114 409
115 39
116 15
116 49
117 42
117 43
117 78
117 127
117 308
117 339
117 444
118 21
118 191
119 0
120 1
120 61
120 415
121 63
121 106
121 157
121 164
121 377
122 63
122 106
122 157
122 164
122 377
123 63
123 106
123 157
123 164
123 377
124 90
124 144
125 314
126 15
127 1
127 6
127 166
128 28
128 53
129 28
129 53
130 28
130 53
131 28
131 53
132 28
132 53
133 28
133 53
134 28
134 53
135 28
135 53
136 28
136 53
137 97
138 245
139 0
140 261
140 300
140 368
140 369
140 371
140 429
140 430
140 431
141 0
142 261
142 300
142 368
142 369
142 371
142 429
142 430
142 431
143 49
144 49
144 295
144 414
145 40
145 68
145 100
145 104
145 107
145 116
145 141
145 148
145 163
145 217
145 219
145 232
145 259
145 338
145 377
145 410
145 411
145 412
146 261
146 300
146 368
146 369
146 371
146 429
146 430
146 431
147 261
147 300
147 368
147 369
147 371
147 429
147 430
147 431
148 261
148 300
148 368
148 369
148 371
148 429
148 430
148 431
149 261
149 300
149 368
149 369
149 371
149 429
149 430
149 431
150 261
150 300
150 368
150 369
150 371
150 429
150 430
150 431
151 261
151 300
151 368
151 369
151 371
151 429
151 430
151 431
152 261
152 300
152 368
152 369
152 371
152 429
152 430
152 431
153 261
153 300
153 368
153 369
153 371
153 429
153 430
153 431
154 261
154 300
154 368
154 369
154 371
154 429
154 430
154 431
155 261
155 300
155 368
155 369
155 371
155 429
155 430
155 431
156 261
156 300
156 368
156 369
156 371
156 429
156 430
156 431
157 9
158 261
158 300
158 368
158 369
158 371
158 429
158 430
158 431
159 261
159 300
159 368
159 369
159 371
159 429
159 430
159 431
160 261
160 300
160 368
160 369
160 371
160 429
160 430
160 431
161 15
161 245
162 283
163 74
163 128
163 156
163 190
163 301
163 328
163 385
163 386
164 15
164 49
164 328
165 15
165 49
165 328
166 15
166 49
166 286
166 328
166 433
167 0
167 25
167 37
168 15
168 49
169 15
169 49
170 0
170 37
171 37
172 359
173 261
174 37
175 5
176 297
177 37
178 1
179 377
180 37
181 261
182 261
183 284
183 365
183 391
184 261
184 300
184 368
184 369
184 371
184 429
184 430
184 431
185 261
185 300
185 368
185 369
185 371
185 429
185 430
185 431
186 261
186 300
186 368
186 369
186 371
186 429
186 430
186 431
187 261
187 300
187 368
187 369
187 371
187 429
187 430
187 431
188 193
189 28
189 53
190 77
190 119
190 135
190 189
191 113
191 130
192 28
192 53
193 361
194 11
194 39
194 271
194 276
194 285
194 325
194 326
194 360
194 416
194 417
194 418
194 419
195 261
195 300
195 368
195 369
195 371
195 429
195 430
195 431
196 261
196 300
196 368
196 369
196 371
196 429
196 430
196 431
197 110
197 130
197 141
198 28
198 53
199 261
199 300
199 368
199 369
199 371
199 429
199 430
199 431
200 1
200 106
201 31
201 106
201 372
202 384
203 384
204 15
204 49
205 15
205 49
206 17
207 23
208 64
208 92
208 138
208 139
208 147
208 178
208 179
208 181
208 242
208 426
209 261
209 300
209 368
209 369
209 371
209 429
209 430
209 431
210 26
210 30
210 33
210 38
210 41
210 117
210 133
210 253
211 26
211 30
211 33
211 38
211 41
211 99
211 108
211 117
211 133
211 253
211 427
212 26
212 30
212 33
212 38
212 41
212 117
212 133
212 253
213 26
213 30
213 38
213 41
213 117
213 133
213 253
213 255
214 26
214 30
214 38
214 41
214 117
214 133
214 253
215 261
216 261
217 62
217 174
217 269
217 373
218 245
219 0
220 12
220 63
220 164
220 377
221 62
221 174
221 269
221 373
222 0
223 40
223 68
223 100
223 104
223 107
223 116
223 141
223 148
223 163
223 217
223 219
223 232
223 259
223 338
223 377
223 410
223 411
223 412
224 245
225 323
226 1
227 90
228 44
228 328
229 359
230 148
230 149
230 150
230 151
230 152
230 153
231 1
231 13
232 69
232 70
232 98
232 110
232 130
232 141
232 186
232 237
232 243
232 253
232 272
232 273
232 275
232 303
232 304
232 305
232 316
232 352
232 357
232 367
232 370
233 0
233 2
234 415
235 62
235 174
235 254
236 60
236 66
236 84
236 206
236 207
237 90
238 110
238 130
238 141
239 28
239 53
240 40
240 68
240 100
240 104
240 107
240 116
240 141
240 148
240 163
240 232
240 377
241 261
241 300
241 368
241 369
241 371
241 429
241 430
241 431
242 164
243 164
244 164
245 164
246 164
247 164
248 15
248 49
249 0
249 1
249 3
250 3
251 40
251 68
251 100
251 104
251 107
251 116
251 141
251 148
251 163
251 217
251 219
251 232
251 259
251 338
251 377
251 410
251 411
251 412
252 9
253 261
254 90
255 66
255 84
255 91
255 93
255 103
255 105
255 442
256 15
256 49
257 15
257 49
258 0
259 0
260 8
261 8
262 261
263 110
263 130
263 141
264 8
265 245
266 130
267 2
267 6
267 7
268 245
269 7
270 94
270 115
270 208
270 209
270 210
270 211
270 287
270 294
270 317
270 375
270 376
270 420
271 7
272 228
273 15
274 240
275 107
276 107
277 0
278 0
279 22
280 110
280 130
280 141
281 1
282 19
283 261
283 300
283 368
283 369
283 371
283 429
283 430
283 431
284 0
285 1
286 359
287 15
287 49
288 26
288 31
288 117
289 22
290 130
291 113
291 192
292 0
292 192
293 261
293 300
293 368
293 369
293 371
293 429
293 430
293 431
293 438
294 261
294 300
294 368
294 369
294 371
294 429
294 430
294 431
294 438
295 261
296 1
297 261
298 261
299 261
300 321
301 64
301 92
301 138
301 139
301 147
301 178
301 179
301 181
301 242
301 426
302 261
302 300
302 368
302 369
302 371
302 429
302 430
302 431
303 22
303 117
304 261
304 300
304 368
304 369
304 371
304 429
304 430
304 431
305 15
305 49
306 15
306 49
307 15
307 49
308 33
308 38
308 79
308 133
309 28
310 261
311 0
312 0
313 432
314 245
314 432
315 245
316 74
317 76
317 245
318 26
318 63
318 157
318 164
318 377
319 26
319 30
319 33
319 38
319 41
319 117
319 133
319 253
320 40
320 68
320 100
320 104
320 107
320 116
320 141
320 148
320 163
320 232
320 377
321 261
321 300
321 368
321 369
321 371
321 429
321 430
321 431
322 261
323 74
323 132
323 197
323 202
323 216
323 233
323 290
323 342
323 343
323 344
323 345
323 346
323 347
323 349
323 350
323 351
323 387
323 388
323 435
324 1
324 74
324 132
324 197
324 202
324 233
324 290
324 342
324 343
324 344
324 345
324 346
324 347
324 349
324 350
324 351
324 387
324 388
324 435
324 443
325 439
326 261
327 0
328 11
329 0
329 322
330 261
330 300
330 368
330 369
330 371
330 429
330 430
330 431
331 361
332 11
333 15
333 58
333 126
333 184
333 185
333 199
333 224
333 225
333 226
333 227
333 245
333 246
333 306
333 311
333 313
333 336
333 341
333 356
333 396
333 421
333 422
333 423
333 437
334 19
335 13
336 26
336 63
336 106
336 157
336 164
337 37
338 439
339 261
339 300
339 368
339 369
339 371
339 429
339 430
339 431
340 228
340 439
341 228
341 439
342 189
342 261
342 300
342 368
342 369
342 371
342 429
342 430
342 431
343 228
344 141
345 212
345 213
345 425
346 212
346 213
346 425
347 81
347 180
347 182
347 183
347 247
347 441
348 1
348 415
349 17
350 20
350 257
351 136
351 137
351 175
352 15
352 49
353 130
354 261
354 300
354 368
354 369
354 371
354 429
354 430
354 431
355 261
355 300
355 368
355 369
355 371
355 429
355 430
355 431
356 261
356 300
356 368
356 369
356 371
356 429
356 430
356 431
357 261
357 300
357 368
357 369
357 371
357 429
357 430
357 431
358 261
358 300
358 368
358 369
358 371
358 429
358 430
358 431
359 261
359 300
359 368
359 369
359 371
359 429
359 430
359 431
360 90
360 125
361 122
361 302
362 204
363 11
364 37
365 4
366 15
366 49
367 348
367 377
368 245
369 245
370 245
371 245
372 63
372 164
372 377
373 5
374 7
375 69
375 70
375 98
375 110
375 237
375 243
375 272
375 273
375 275
375 303
375 304
375 305
375 316
375 352
375 357
375 367
375 370
376 7
376 13
376 14
376 22
377 7
377 13
377 14
377 22
378 54
378 79
378 90
378 142
378 154
379 40
379 68
379 100
379 104
379 107
379 116
379 141
379 148
379 163
379 232
380 110
380 130
380 141
381 90
382 110
382 130
382 141
383 39
383 65
383 107
384 27
385 28
385 53
386 15
386 49
387 130
388 15
388 49
389 415
390 148
390 149
390 150
390 151
390 152
390 153
391 40
391 68
391 100
391 104
391 107
391 116
391 141
391 148
391 163
391 232
392 69
392 70
392 98
392 110
392 130
392 141
392 186
392 237
392 243
392 272
392 273
392 275
392 303
392 304
392 305
392 316
392 352
392 357
392 367
392 370
393 245
394 69
394 70
394 98
394 110
394 130
394 141
394 186
394 237
394 243
394 272
394 273
394 275
394 303
394 304
394 305
394 316
394 352
394 357
394 367
394 370
395 69
395 70
395 98
395 110
395 130
395 141
395 186
395 237
395 243
395 272
395 273
395 275
395 303
395 304
395 305
395 316
395 352
395 357
395 367
395 370
396 69
396 70
396 98
396 110
396 130
396 141
396 186
396 237
396 243
396 272
396 273
396 275
396 303
396 304
396 305
396 316
396 352
396 357
396 367
396 370
397 69
397 70
397 98
397 110
397 130
397 141
397 186
397 237
397 243
397 272
397 273
397 275
397 303
397 304
397 305
397 316
397 352
397 357
397 367
397 370
398 69
398 70
398 98
398 110
398 130
398 141
398 186
398 237
398 243
398 272
398 273
398 275
398 303
398 304
398 305
398 316
398 352
398 357
398 367
398 370
399 69
399 70
399 98
399 110
399 130
399 141
399 186
399 237
399 243
399 272
399 273
399 275
399 303
399 304
399 305
399 316
399 352
399 357
399 367
399 370
400 69
400 70
400 98
400 110
400 130
400 141
400 186
400 237
400 243
400 272
400 273
400 275
400 303
400 304
400 305
400 316
400 352
400 357
400 367
400 370
401 110
401 130
401 141
402 110
402 130
402 141
403 69
403 70
403 98
403 110
403 130
403 141
403 186
403 237
403 243
403 272
403 273
403 275
403 303
403 304
403 305
403 316
403 352
403 357
403 367
403 370
404 69
404 70
404 98
404 110
404 130
404 141
404 186
404 237
404 243
404 272
404 273
404 275
404 303
404 304
404 305
404 316
404 352
404 357
404 367
404 370
405 69
405 70
405 98
405 110
405 130
405 141
405 186
405 237
405 243
405 272
405 273
405 275
405 303
405 304
405 305
405 316
405 352
405 357
405 367
405 370
406 69
406 70
406 98
406 110
406 237
406 243
406 253
406 272
406 273
406 275
406 303
406 304
406 305
406 316
406 352
406 357
406 367
406 370
407 69
407 70
407 98
407 110
407 130
407 141
407 186
407 237
407 243
407 272
407 273
407 275
407 303
407 304
407 305
407 316
407 352
407 357
407 367
407 370
408 69
408 70
408 98
408 110
408 130
408 141
408 237
408 243
408 272
408 273
408 275
408 303
408 304
408 305
408 316
408 352
408 357
408 367
408 370
409 261
409 300
409 368
409 369
409 371
409 429
409 430
409 431
410 110
410 130
410 141
411 261
411 300
411 368
411 369
411 371
411 429
411 430
411 431
412 24
413 28
414 15
414 110
414 113
414 130
414 141
415 110
415 130
415 141
416 110
416 130
416 141
417 334
418 27
419 377
420 27
421 245
422 245
423 86
423 87
423 88
423 245
423 256
423 282
423 319
424 245
425 15
425 49
426 15
426 49
426 238
427 110
427 130
427 141
428 110
428 130
428 141
429 110
429 130
429 141
430 110
430 130
430 141
431 110
431 130
431 141
432 110
432 130
432 141
433 110
433 130
433 141
434 110
434 130
434 141
435 15
435 49
435 238
436 4
437 28
438 27
439 245
439 254
439 432
440 245
440 432
441 245
441 432
442 292
443 50
444 15
445 15
446 61
446 220
447 251
448 251
449 251
450 251
451 251
452 251
453 251
454 251
455 251
456 251
457 312
458 28
458 53
459 28
459 53
460 15
461 28
462 28
463 28
464 15
465 28
465 53
466 28
466 53
467 28
467 53
468 28
468 53
469 27
470 28
470 53
471 28
471 53
472 28
472 53
473 28
473 53
474 28
474 53
475 28
475 53
476 28
476 53
477 18
478 28
478 53
479 28
479 53
480 261
481 28
481 53
482 28
482 53
483 440
484 15
485 15
485 49
486 110
486 130
486 141
487 359
488 110
488 130
488 141
489 261
489 300
489 368
489 369
489 371
489 429
489 430
489 431
490 0
491 359
492 284
492 365
492 391
493 284
493 365
493 391
494 284
494 365
494 391
495 284
495 365
495 391
496 284
496 365
496 391
497 284
497 365
497 391
498 284
498 365
498 391
499 284
499 365
499 391
500 284
500 365
500 391
501 284
501 365
501 391
502 261
503 261
504 261
505 261
506 261
507 328
508 9
509 15
509 49
510 15
510 49
511 15
511 49
512 15
512 49
513 15
513 49
514 7
515 39
516 13
517 40
517 68
517 100
517 104
517 107
517 116
517 133
517 141
517 148
517 163
517 232
517 377
518 26
518 29
518 30
518 31
518 33
518 34
518 36
518 38
518 41
518 45
518 48
518 51
518 63
518 83
518 89
518 99
518 114
518 120
518 124
518 133
518 159
518 160
518 161
518 200
518 201
518 203
518 214
518 215
518 221
518 222
518 223
518 236
518 241
518 252
518 255
518 258
518 262
518 263
518 264
518 266
518 267
518 268
518 274
518 277
518 279
518 280
518 281
518 288
518 299
518 307
518 320
518 329
518 331
518 332
518 355
518 378
518 379
518 380
518 381
518 382
518 383
519 29
519 30
519 31
519 33
519 34
519 36
519 38
519 41
519 45
519 48
519 51
519 63
519 83
519 89
519 99
519 114
519 118
519 120
519 124
519 133
519 159
519 160
519 161
519 200
519 201
519 203
519 214
519 215
519 221
519 222
519 223
519 236
519 241
519 252
519 255
519 258
519 262
519 263
519 264
519 266
519 267
519 268
519 274
519 277
519 279
519 280
519 281
519 288
519 299
519 307
519 320
519 329
519 331
519 332
519 355
519 378
519 379
519 380
519 381
519 382
519 383
520 261
521 261
521 300
521 368
521 369
521 371
521 429
521 430
521 431
522 130
523 28
523 53
524 9
525 359
526 359
527 359
528 13
528 22
528 90
529 0
530 22
530 90
531 15
531 58
531 184
531 185
531 190
531 199
531 234
531 245
531 313
531 356
531 421
532 366
532 392
532 393
532 394
532 395
533 261
533 300
533 368
533 369
533 371
533 429
533 430
533 431
534 261
534 300
534 368
534 369
534 371
534 429
534 430
534 431
535 261
536 292
536 334
536 377
537 377
538 261
538 300
538 368
538 369
538 371
538 429
538 430
538 431
539 284
539 365
539 391
540 15
540 49
541 11
542 28
542 53
543 7
544 261
545 15
545 49
546 18
547 245
548 0
549 40
549 68
549 100
549 104
549 107
549 116
549 141
549 148
549 163
549 217
549 219
549 232
549 259
549 338
549 377
549 410
549 411
549 412
550 90
551 90
552 261
553 261
554 261
555 110
555 130
555 141
556 110
556 130
556 141
557 296
557 362
557 389
557 390
558 0
559 245
560 335
561 261
562 363
563 261
564 15
564 49
565 63
565 111
566 10
567 7
568 14
569 5
569 90
570 261
571 261
572 261
572 300
572 368
572 369
572 371
572 429
572 430
572 431
573 165
573 318
574 261
575 5
575 194
576 261
576 300
576 368
576 369
576 371
576 429
576 430
576 431
577 166
578 166
579 229
579 260
579 293
579 310
579 358
579 434
580 32
580 52
580 55
580 249
580 250
580 278
580 289
580 293
580 309
580 315
580 324
580 327
580 354
580 358
580 428
581 32
581 52
581 55
581 249
581 250
581 278
581 289
581 293
581 309
581 315
581 324
581 327
581 354
581 358
581 428
582 229
582 260
582 293
582 310
582 358
582 434
583 99
584 106
584 157
585 15
585 49
586 261
587 261
588 166
588 230
588 244
588 245
588 334
588 424
588 436
589 363
590 261
590 300
590 368
590 369
590 371
590 429
590 430
590 431
591 251
592 251
593 251
594 251
595 251
596 11
597 166
598 166
599 106
599 157
600 1
600 67
601 261
602 261
603 64
603 80
603 92
603 138
603 139
603 147
603 176
603 177
603 178
603 179
603 180
603 181
603 182
603 183
603 187
603 188
603 242
603 248
603 333
603 337
603 426
604 64
604 80
604 92
604 138
604 139
604 146
604 147
604 176
604 177
604 178
604 179
604 180
604 181
604 182
604 183
604 187
604 242
604 248
604 426
605 64
605 92
605 138
605 139
605 147
605 178
605 179
605 181
605 242
605 426
606 64
606 80
606 92
606 138
606 139
606 146
606 147
606 176
606 177
606 178
606 179
606 180
606 181
606 182
606 183
606 242
606 248
606 426
607 64
607 92
607 138
607 139
607 147
607 178
607 179
607 181
607 242
607 426
608 64
608 92
608 138
608 139
608 147
608 178
608 179
608 181
608 242
608 426
609 64
609 92
609 138
609 139
609 147
609 178
609 179
609 181
609 242
609 426
610 64
610 92
610 138
610 139
610 147
610 178
610 179
610 181
610 242
610 426
611 64
611 92
611 138
611 139
611 147
611 178
611 179
611 181
611 242
611 426
612 64
612 92
612 138
612 139
612 147
612 178
612 179
612 181
612 242
612 426
613 261
613 300
613 368
613 369
613 371
613 429
613 430
613 431
614 328
614 415
615 28
615 53
616 251
617 245
617 432
618 28
618 53
619 245
620 15
620 49
621 26
621 63
621 157
621 164
621 377
622 129
623 245
624 245
625 28
625 53
626 74
627 296
627 362
627 389
627 390
628 359
629 130
630 74
631 90
632 110
632 130
632 141
633 245
633 432
634 40
634 68
634 100
634 104
634 107
634 116
634 141
634 148
634 163
634 232
634 377
635 28
636 28
636 53
637 28
637 53
638 361
639 69
639 70
639 98
639 110
639 130
639 141
639 186
639 237
639 243
639 272
639 273
639 275
639 303
639 304
639 305
639 316
639 352
639 357
639 367
639 370
640 11
640 69
640 70
640 98
640 110
640 130
640 141
640 237
640 243
640 272
640 273
640 275
640 303
640 304
640 305
640 316
640 352
640 357
640 367
640 370
641 23
642 25
643 229
643 260
643 293
643 310
643 358
643 434
644 62
644 174
644 269
644 373
645 261
646 40
646 68
646 100
646 104
646 107
646 116
646 141
646 148
646 163
646 232
646 377
647 261
648 261
649 15
650 28
650 53
651 261
652 27
653 245
653 432
654 261
655 15
655 49
656 40
656 68
656 100
656 104
656 107
656 116
656 141
656 148
656 163
656 232
657 245
658 415
659 117
660 28
660 53
661 361
662 90
663 11
