481 208
181 194
46 424
639 163
172 173
126 275
307 64
332 331
103 195
75 363
479 175
150 257
325 405
190 113
534 1
522 280
486 317
249 166
513 170
542 192
442 423
89 268
220 367
446 407
110 433
652 29
250 181
254 246
101 292
408 162
593 272
618 108
141 14
460 131
428 147
643 339
86 387
520 184
616 431
28 313
88 290
397 289
429 364
395 431
473 193
134 345
187 124
27 188
291 254
412 277
277 39
101 340
286 390
492 322
67 181
539 200
453 3
252 428
532 308
487 109
488 123
115 303
647 351
71 162
83 257
580 59
207 303
5 250
587 405
653 395
65 153
285 142
356 137
186 207
493 97
536 201
395 213
104 114
513 361
190 177
221 130
181 106
650 17
73 220
147 6
58 56
280 10
143 63
310 256
42 9
650 263
383 146
415 435
636 378
355 225
18 324
79 116
343 94
450 52
22 258
90 246
502 404
238 333
637 69
502 262
49 217
56 149
391 295
539 269
560 63
278 69
450 241
144 178
421 318
581 394
633 311
322 432
50 232
396 106
578 100
432 136
570 253
139 406
35 291
210 244
583 178
115 354
575 183
286 70
390 103
600 207
430 233
225 14
323 140
446 343
183 244
384 149
333 133
352 93
44 392
53 384
284 318
8 342
342 389
335 103
423 14
140 295
542 58
29 300
48 62
252 314
369 254
265 321
160 234
499 428
417 122
132 234
303 346
358 194
454 261
240 176
542 294
593 191
312 339
98 394
124 302
631 307
45 82
512 404
305 214
465 231
337 378
481 422
161 379
394 204
64 104
242 270
314 133
88 86
98 312
169 50
200 62
140 153
570 306
58 383
584 318
19 262
174 67
168 306
424 372
291 191
586 59
497 228
98 114
185 310
203 5
335 18
488 38
295 291
648 39
278 292
366 407
284 183
80 112
468 261
140 250
652 444
36 204
371 11
310 123
378 123
209 314
582 12
120 358
519 137
519 376
520 216
446 176
341 438
485 199
375 384
403 382
507 126
239 73
75 283
218 33
232 42
318 204
381 223
157 234
277 354
548 290
171 51
332 247
80 66
498 275
473 26
168 214
81 62
359 274
503 238
452 406
221 431
523 106
238 25
566 39
409 253
199 87
629 184
423 355
546 278
66 166
9 224
29 283
610 17
524 274
589 284
479 247
302 344
616 360
88 427
336 60
331 425
480 211
377 95
327 345
510 21
85 404
435 297
494 59
633 193
417 315
103 155
46 224
66 349
257 304
482 351
278 215
107 273
261 356
161 361
75 178
251 328
107 165
250 60
23 111
610 146
414 424
3 46
182 59
608 209
573 422
589 179
510 289
159 422
459 69
132 130
135 294
612 209
646 29
617 95
512 398
213 308
303 161
246 241
532 441
315 195
376 289
200 296
356 383
36 424
631 73
366 76
36 326
366 24
585 124
447 358
474 86
177 301
65 287
25 374
564 383
634 350
608 163
497 10
505 91
255 269
659 423
139 32
597 207
440 342
66 443
228 187
8 430
472 402
560 6
239 312
69 167
657 123
282 410
16 127
516 167
287 318
350 413
17 357
130 304
497 199
310 157
271 119
147 405
249 329
379 165
36 327
636 370
153 426
339 239
56 39
435 333
626 268
202 282
509 383
525 6
503 444
446 334
413 80
593 415
441 345
592 241
234 414
295 331
172 9
587 338
135 6
648 207
308 109
458 27
349 371
296 217
18 106
142 139
90 237
541 136
291 158
535 341
80 131
482 346
353 426
471 233
41 398
458 9
246 311
603 326
258 338
590 204
562 310
519 134
358 391
173 128
65 93
66 442
523 414
145 342
262 173
526 214
535 32
559 349
630 379
609 392
63 247
486 384
544 98
392 260
627 380
309 104
650 313
30 237
170 416
2 311
250 345
375 142
587 87
80 278
474 348
590 126
430 235
216 250
592 233
524 109
423 114
153 365
178 259
43 156
54 123
513 317
432 233
585 192
175 399
462 23
156 99
609 195
347 157
582 187
177 38
306 94
92 351
432 286
231 195
587 171
44 435
64 29
655 53
116 228
394 179
554 245
500 352
528 57
488 399
354 145
327 63
210 235
364 127
249 317
186 287
584 313
292 18
453 23
180 260
387 296
344 241
448 269
294 56
510 248
487 241
287 335
594 284
243 384
74 305
281 171
484 72
459 435
243 196
388 94
413 348
654 292
572 147
153 161
386 216
448 101
462 210
427 127
287 192
5 66
488 204
427 331
536 197
111 397
89 91
533 41
265 237
340 388
643 404
120 211
505 225
93 123
125 345
395 397
136 305
93 118
86 46
401 132
11 288
471 357
537 53
514 339
622 51
555 124
573 179
585 62
373 240
39 315
656 246
280 215
93 387
0 156
461 170
623 425
180 151
16 413
240 135
558 194
632 38
628 397
420 415
76 252
637 286
402 339
62 359
467 321
510 369
404 58
44 443
510 113
472 144
216 362
317 427
19 280
23 65
4 310
320 308
524 150
278 68
425 195
386 3
601 147
161 72
260 30
482 227
375 373
43 291
196 74
662 367
438 341
544 186
624 243
164 234
508 329
36 417
189 24
149 181
93 383
178 73
642 80
329 21
168 4
22 298
333 65
438 295
55 7
283 411
130 27
367 409
537 20
105 52
556 344
399 105
71 441
215 181
130 432
251 86
157 73
196 8
164 105
60 163
536 428
520 371
619 283
232 165
364 133
503 114
469 430
47 409
391 90
96 389
230 402
269 140
312 324
297 283
150 22
178 416
250 166
187 397
47 39
308 299
44 358
399 62
609 133
324 220
536 188
555 100
647 165
213 312
423 34
75 164
407 20
619 70
359 199
629 257
339 85
94 87
194 266
367 186
420 178
272 219
428 362
108 48
603 267
208 265
535 70
18 365
233 320
661 336
177 52
627 89
163 358
591 7
394 353
21 59
17 14
563 110
592 379
526 431
633 145
629 35
187 275
425 18
283 305
331 250
436 361
366 216
166 120
344 135
482 12
341 103
453 173
302 20
550 32
147 162
301 60
579 179
430 46
102 389
508 309
175 203
76 54
408 292
644 361
261 243
255 304
538 306
478 173
213 39
274 39
578 386
653 318
214 229
354 313
329 296
530 186
56 376
512 349
579 182
556 105
96 231
387 201
216 318
550 346
446 138
568 393
308 375
211 130
564 339
226 419
455 223
615 259
593 350
296 370
21 188
355 199
628 256
579 32
329 187
349 319
170 24
488 84
159 11
305 420
173 431
201 282
182 150
34 158
167 407
540 143
214 153
455 259
457 48
309 197
278 114
482 310
69 44
75 350
547 268
652 281
577 114
114 277
264 91
104 201
317 369
81 123
17 188
347 348
316 177
195 292
555 346
615 2
410 406
628 65
194 103
312 349
588 391
466 434
71 419
492 318
412 352
217 107
277 68
640 432
660 10
65 321
191 266
392 129
483 259
334 209
602 375
93 234
71 118
595 49
427 286
465 340
32 137
447 397
16 381
465 288
267 374
575 161
57 94
351 125
312 262
1 444
348 401
536 249
38 157
45 436
378 208
134 383
206 367
18 33
107 431
545 79
508 413
294 320
212 385
297 374
106 55
617 40
460 436
620 13
550 222
461 257
498 164
74 36
223 83
395 389
109 373
254 229
227 198
480 177
419 283
182 131
395 401
50 329
459 107
572 291
393 317
363 29
571 336
277 100
376 203
544 287
79 25
142 94
164 329
368 212
166 62
310 419
87 343
531 4
335 432
279 363
259 260
648 432
310 274
7 91
416 403
346 276
203 120
254 40
393 188
128 243
401 259
51 402
172 79
361 389
229 1
190 268
131 12
637 360
371 143
336 46
622 61
569 418
279 301
83 171
191 398
287 345
53 311
274 204
22 124
374 57
148 60
261 145
186 161
120 342
439 384
420 356
447 93
610 323
644 16
23 128
394 108
311 95
386 147
377 219
454 160
441 443
469 428
131 368
369 250
161 279
662 412
468 80
314 182
321 182
134 237
562 443
93 191
535 228
621 312
250 247
275 389
38 59
14 110
394 302
590 64
366 223
107 233
522 71
459 389
134 223
14 103
546 399
328 395
525 215
432 325
531 28
353 395
385 139
210 201
154 175
659 354
80 439
211 190
25 43
38 280
134 16
627 37
40 275
421 330
349 194
654 78
578 330
98 85
401 428
124 51
274 45
39 400
46 192
216 136
525 441
398 338
622 87
106 49
207 310
458 191
298 83
121 230
194 357
17 167
141 276
276 394
556 418
621 419
136 1
82 417
63 53
584 210
510 382
120 208
108 401
484 90
54 235
341 146
327 367
233 281
505 41
196 326
637 100
302 150
495 377
290 95
499 329
13 128
202 323
292 187
155 208
84 169
496 276
597 329
488 80
118 254
531 206
356 118
166 70
568 296
233 278
246 4
142 409
297 113
416 409
450 147
324 403
612 235
404 115
336 264
210 52
611 364
172 94
207 208
408 23
112 425
281 288
279 322
599 413
455 209
516 178
564 174
377 329
197 111
389 300
419 270
592 428
6 147
584 329
66 27
300 201
291 27
549 388
486 340
187 110
452 357
52 106
82 56
28 440
506 217
545 153
189 219
69 358
15 330
91 337
82 17
405 53
431 33
404 46
550 295
362 357
248 111
281 319
469 415
489 219
412 295
50 347
586 317
509 407
111 436
581 248
183 294
449 383
92 273
570 374
371 94
552 169
119 105
104 12
306 280
30 129
129 77
379 74
486 107
502 415
203 129
543 342
377 242
596 192
555 309
610 295
329 222
661 116
21 404
233 328
83 324
573 393
283 319
236 181
332 7
44 82
662 79
1 86
60 261
629 324
623 431
214 223
70 268
593 265
214 343
362 312
195 213
508 134
583 366
38 306
251 350
400 402
47 235
475 245
226 110
372 32
618 4
606 215
347 197
152 238
564 158
166 4
102 191
490 70
43 306
536 18
16 397
480 19
336 330
205 418
659 161
656 353
347 86
636 69
350 326
135 317
388 353
563 333
413 317
251 329
351 13
73 120
182 138
514 173
523 236
372 12
235 36
446 279
5 440
237 399
198 168
638 119
327 387
287 443
391 331
531 107
35 327
360 439
149 164
507 184
570 274
611 312
192 8
544 158
449 61
52 79
654 398
249 30
603 247
643 410
528 279
494 120
257 359
372 17
450 47
624 194
575 1
368 276
164 198
471 86
301 129
383 361
235 0
124 98
553 268
19 77
453 425
574 83
413 81
457 63
397 409
445 138
642 432
144 417
502 430
158 98
8 201
209 239
624 350
537 104
456 182
566 157
281 174
638 117
305 313
392 298
354 10
577 349
356 242
41 306
308 245
312 232
203 425
278 288
122 238
185 37
657 235
349 433
423 330
105 119
329 194
185 173
475 103
354 193
16 323
610 239
266 308
127 162
645 258
370 266
595 304
69 444
140 0
81 303
376 403
350 348
216 101
25 389
445 80
31 307
386 179
257 9
179 305
202 138
36 391
67 33
402 367
262 124
270 57
469 15
223 287
165 415
71 184
292 234
186 159
378 183
349 229
627 49
601 113
487 219
636 159
105 388
454 77
76 79
220 79
205 231
189 343
592 23
203 74
28 249
216 387
71 124
284 427
182 344
597 323
284 429
355 43
409 50
533 184
619 261
545 304
375 13
635 106
418 374
450 302
285 425
39 15
336 162
298 443
588 72
577 251
652 33
335 277
350 80
461 59
436 362
51 358
565 353
211 434
458 157
286 68
587 319
303 240
156 405
632 274
647 171
206 123
295 189
379 410
97 363
303 224
300 432
641 67
104 170
527 162
218 74
594 336
110 338
650 82
96 144
661 353
303 415
260 334
175 196
71 382
106 363
576 234
267 16
121 364
512 270
154 81
615 306
82 432
582 383
46 30
266 354
498 429
402 190
112 74
270 10
588 413
335 191
509 107
260 145
597 62
96 244
245 313
277 185
211 296
73 313
516 78
252 153
179 214
484 199
72 206
148 438
475 374
513 233
581 292
120 70
145 358
594 304
118 392
269 285
239 3
636 126
230 210
184 250
462 80
399 109
504 100
461 387
272 125
31 197
260 167
218 224
311 142
7 134
26 200
465 112
446 439
339 298
358 7
133 197
454 10
244 25
23 199
572 159
392 443
204 205
500 428
279 193
2 367
361 140
326 42
500 270
606 322
10 130
473 14
221 290
541 320
407 52
266 135
40 136
95 38
560 180
444 78
395 3
420 158
390 375
524 261
661 443
95 314
537 306
336 177
329 426
163 153
140 221
13 10
273 213
484 6
65 408
599 362
144 124
634 407
98 21
499 200
638 206
21 137
618 47
113 68
137 418
532 266
380 115
258 214
364 49
102 346
342 373
298 8
131 110
333 301
234 102
410 54
122 222
257 135
614 76
659 410
338 65
128 198
300 406
120 414
377 369
403 288
398 41
207 134
619 372
510 336
263 0
353 256
113 83
126 110
119 81
558 254
193 125
94 209
528 49
189 282
180 379
431 268
619 441
645 213
60 320
21 112
443 442
520 40
211 368
73 107
112 135
40 343
571 372
614 231
508 107
135 45
58 267
574 117
11 146
561 405
28 94
348 262
61 138
469 325
72 47
48 270
426 261
237 353
634 156
417 42
115 296
31 11
173 24
159 15
271 442
399 221
165 34
148 316
632 159
162 310
109 22
425 435
394 373
485 385
112 28
193 380
167 186
636 420
516 120
619 240
513 159
517 432
22 8
384 22
162 154
174 258
536 48
406 97
6 86
180 187
403 292
1 350
162 343
181 304
3 144
215 73
464 146
88 234
568 140
132 41
528 130
301 309
107 403
277 41
334 423
6 196
443 329
576 354
269 124
289 430
655 109
376 74
277 25
365 135
614 167
129 412
420 111
655 323
128 376
155 24
325 341
151 68
110 302
153 236
92 436
233 29
162 403
510 251
581 65
404 435
594 354
175 287
344 418
633 138
459 238
274 51
139 409
560 439
295 133
570 127
656 241
265 395
415 341
430 408
109 288
242 313
125 161
431 259
535 104
473 441
343 340
434 163
351 216
298 17
335 79
203 365
556 434
478 101
428 73
635 295
432 291
488 438
600 264
146 226
335 265
315 123
69 200
618 384
631 126
578 113
35 307
351 229
151 378
590 364
621 170
162 318
186 60
262 206
383 324
284 347
273 425
578 341
17 382
117 380
296 262
202 235
574 239
79 378
356 53
378 408
289 203
211 217
241 233
8 270
62 281
428 201
535 255
454 223
598 229
177 178
594 331
184 24
371 197
70 430
512 432
361 158
517 349
374 315
533 403
61 115
108 103
71 340
526 329
165 336
490 304
395 63
38 111
366 156
586 29
351 409
31 118
54 217
508 51
288 287
609 110
421 160
263 265
346 124
533 183
16 353
294 206
58 42
61 89
235 103
339 363
19 111
530 437
347 225
130 211
333 47
383 337
138 114
109 223
626 334
88 350
626 436
514 188
426 134
430 137
313 252
606 315
145 142
494 116
543 400
562 17
637 303
49 204
448 107
301 185
621 325
225 261
536 397
118 176
417 441
597 68
90 279
437 352
292 440
629 110
164 212
165 366
428 79
163 27
591 35
307 223
141 85
463 136
352 396
63 152
453 193
568 277
255 324
604 192
618 388
82 369
199 228
390 100
100 407
236 95
573 435
173 32
477 335
132 112
537 421
47 307
300 182
47 267
478 272
346 347
243 360
94 405
411 112
496 8
331 365
606 99
437 262
230 243
598 181
410 126
652 435
552 253
240 386
19 138
312 252
353 299
367 321
507 105
186 104
26 80
90 250
396 33
318 281
24 368
495 0
270 148
91 369
610 140
595 211
363 126
377 59
387 255
530 140
79 19
71 10
238 246
283 207
450 413
135 240
446 442
161 237
531 375
163 290
645 236
131 43
301 158
197 166
382 154
158 421
304 281
134 329
328 82
529 79
452 330
297 297
44 352
195 57
656 340
410 194
632 39
658 348
241 188
476 278
76 236
85 406
153 274
155 110
16 79
71 38
561 390
77 235
76 349
638 215
639 143
507 225
94 7
464 187
82 283
339 311
341 79
180 427
93 311
521 338
650 218
176 108
209 61
400 288
198 285
466 216
556 224
86 308
335 70
298 112
214 397
38 79
497 206
157 371
313 277
573 302
238 348
542 219
366 310
79 1
344 251
605 248
294 372
11 418
516 379
517 164
550 138
46 208
487 264
286 90
174 75
254 380
497 147
404 19
16 45
527 218
300 204
495 44
92 184
292 323
96 63
42 280
206 201
303 343
435 231
591 292
546 127
575 179
596 197
655 358
63 417
476 96
172 343
662 388
533 373
446 405
99 171
51 88
14 381
515 152
426 77
337 330
542 246
68 206
348 83
59 91
215 121
396 436
479 250
222 243
379 440
617 0
511 148
345 121
183 55
116 245
404 68
154 231
631 196
422 70
36 70
183 274
147 90
71 312
586 85
97 32
82 214
362 141
641 237
583 290
348 242
517 228
411 104
404 156
264 158
99 433
382 328
147 299
516 369
278 41
66 369
498 138
140 330
289 300
437 278
318 198
238 353
307 328
523 268
332 3
164 411
178 187
463 363
344 86
663 372
174 45
240 373
64 320
15 114
62 399
369 402
260 18
163 418
296 333
387 273
23 373
229 438
196 135
491 141
238 372
629 174
61 50
26 125
556 435
459 230
512 271
37 11
187 441
189 222
374 443
132 74
307 394
39 382
200 76
403 345
561 352
57 378
540 418
466 196
100 260
85 260
324 399
501 117
60 51
218 88
481 178
507 236
428 117
518 40
409 436
503 219
433 67
565 93
380 159
50 117
93 393
346 145
355 75
165 56
257 306
594 381
268 422
477 397
125 75
21 6
630 190
586 306
343 220
147 298
34 259
552 27
18 36
605 240
453 405
620 405
403 240
146 19
266 223
292 73
515 348
513 195
601 22
334 375
147 253
557 299
574 180
610 150
203 335
202 0
210 125
128 16
184 136
342 14
503 273
277 61
325 308
615 257
49 297
280 393
494 137
185 188
45 415
272 284
533 293
189 42
35 255
588 148
408 397
42 56
375 220
215 282
165 403
595 354
626 363
531 212
2 347
321 96
148 211
96 184
129 303
345 163
408 238
331 312
132 179
319 354
630 244
91 117
130 357
420 134
529 185
654 124
607 412
103 66
529 441
257 263
512 103
156 249
558 389
463 132
289 57
326 273
331 426
390 246
340 370
172 306
41 191
658 158
103 281
503 225
503 265
528 61
97 229
251 59
576 237
427 424
387 117
191 69
129 392
290 439
320 310
285 56
93 391
574 363
636 36
293 17
65 166
5 390
532 429
585 153
490 21
364 428
429 319
139 99
328 42
524 137
383 79
355 110
406 329
117 295
230 49
477 416
215 417
566 364
467 44
140 31
21 79
162 339
608 258
3 211
594 59
629 0
98 271
645 189
651 183
309 438
107 357
577 148
378 284
228 319
240 326
259 295
378 432
160 81
142 210
155 398
545 104
435 138
216 16
659 12
404 311
327 197
338 310
340 262
423 85
323 67
140 120
162 28
357 257
594 22
249 107
249 274
336 11
73 55
381 181
300 163
456 172
408 45
560 329
82 90
466 153
531 220
73 57
490 267
85 206
365 205
94 281
73 71
462 279
492 362
500 256
292 322
402 92
441 73
66 20
464 73
610 310
98 120
395 430
240 347
374 256
281 370
464 349
625 378
78 399
450 300
181 43
379 20
261 358
648 90
122 125
207 304
327 76
356 161
583 206
525 409
623 128
203 64
546 237
572 226
582 118
434 60
4 200
80 240
276 401
151 320
467 308
497 112
120 217
485 128
494 112
503 344
89 435
592 5
452 0
357 274
471 359
540 138
531 27
85 151
346 283
288 296
271 369
623 23
473 29
108 138
504 354
650 320
271 196
2 134
437 171
33 283
657 348
225 255
418 88
604 17
37 45
156 192
393 114
230 170
572 53
407 213
333 177
1 436
482 61
228 367
452 260
395 93
154 131
90 42
171 187
250 22
267 398
400 362
203 104
79 77
258 108
200 180
477 328
371 71
413 429
173 387
511 89
254 195
347 235
520 91
476 405
518 39
642 363
42 17
111 213
425 240
294 354
285 423
275 329
174 405
327 103
302 322
432 269
314 15
147 393
594 189
64 92
334 311
555 103
312 345
452 402
143 8
161 39
153 98
306 233
207 199
302 422
567 328
64 153
30 408
624 319
462 387
98 360
480 341
80 252
258 71
206 118
348 220
32 313
69 221
456 0
577 104
492 179
473 200
553 133
613 30
549 432
552 438
418 379
274 404
165 431
314 83
475 91
91 386
112 417
581 85
263 243
643 259
599 206
187 146
602 52
485 9
574 18
386 422
542 173
564 257
114 437
611 133
256 376
30 300
59 194
192 352
222 42
527 253
496 340
427 416
93 121
147 115
130 273
136 443
163 108
285 407
419 375
301 170
104 270
27 99
494 56
390 441
135 270
624 348
469 48
535 188
44 189
636 199
188 288
349 113
502 171
260 184
649 276
40 95
528 75
448 289
584 357
342 128
215 290
7 236
259 421
550 60
383 179
661 212
629 57
503 119
650 143
252 38
624 11
366 270
179 207
285 128
559 232
64 363
33 238
44 411
577 275
365 32
302 64
137 394
472 337
538 362
145 137
449 67
276 387
14 94
65 429
111 308
541 262
419 357
611 234
365 177
429 312
397 62
596 97
490 402
643 385
334 285
582 274
603 170
410 440
303 366
606 21
276 424
438 265
228 61
455 441
94 115
177 102
453 238
183 114
51 174
177 69
617 220
453 36
441 335
240 328
452 144
194 135
164 51
128 175
423 321
0 443
276 343
446 20
168 333
206 76
225 228
309 218
367 210
146 121
589 249
116 204
268 65
610 382
45 83
569 182
161 398
637 420
51 242
10 69
379 5
354 288
175 352
79 399
385 402
60 330
397 95
549 96
510 103
343 243
158 240
374 420
15 249
235 305
502 141
472 132
612 15
188 188
275 321
12 83
34 323
545 83
137 64
571 2
526 169
407 410
126 46
493 184
13 284
571 56
602 149
228 274
18 134
629 49
464 71
374 369
364 390
322 146
177 128
86 282
451 24
360 190
580 307
339 81
519 363
550 174
11 97
414 11
40 281
50 348
395 234
51 24
44 52
16 243
660 17
167 284
128 227
534 393
263 219
378 225
662 274
178 279
533 374
608 101
57 347
399 26
370 185
546 87
47 312
348 84
563 199
638 434
81 321
146 65
347 25
424 164
327 435
130 81
388 130
294 274
498 222
265 105
162 384
42 68
318 11
339 2
215 311
335 236
520 211
545 385
116 268
217 422
526 296
234 77
376 358
64 365
177 94
452 117
540 239
441 331
86 397
235 123
645 59
387 298
193 302
397 155
657 10
478 189
176 304
390 286
97 180
238 278
211 281
57 235
386 265
263 260
239 327
661 367
33 388
606 361
182 393
82 159
579 28
154 114
569 138
370 172
225 162
73 349
46 189
51 343
332 46
172 443
166 187
130 349
573 412
242 166
384 348
24 202
147 199
234 385
141 67
224 97
568 197
117 212
587 230
89 409
303 9
528 6
284 230
152 235
266 2
496 145
538 419
600 39
493 342
108 33
118 277
93 248
586 375
424 351
303 245
80 203
195 362
587 7
49 350
610 365
197 145
225 57
281 78
388 164
544 31
208 414
595 32
441 299
570 304
92 264
44 436
215 382
594 244
42 110
164 258
149 402
312 153
18 52
546 40
237 93
518 148
5 402
339 74
106 80
444 182
124 74
85 99
313 25
411 256
536 356
238 400
446 200
590 110
84 244
98 369
553 224
355 370
601 43
473 384
118 296
453 334
567 140
659 171
589 443
16 229
128 134
371 188
560 211
519 192
251 263
578 138
52 204
158 354
25 106
71 171
605 418
605 68
543 405
283 255
12 62
54 298
223 308
67 56
254 196
539 328
358 49
5 73
563 419
309 404
478 205
623 26
213 89
11 238
552 201
237 420
175 395
656 64
557 189
412 31
288 174
375 52
590 228
219 39
454 428
323 183
502 5
84 206
529 149
60 439
359 166
264 69
484 185
207 184
348 113
635 414
493 53
188 419
517 398
1 406
246 167
620 157
625 409
443 42
87 420
87 274
122 256
4 436
108 283
248 62
422 275
616 140
281 398
46 145
379 231
410 239
345 214
286 65
364 303
248 338
308 182
302 316
273 349
487 333
305 443
69 58
217 325
17 5
485 306
374 225
349 9
559 67
220 61
200 187
40 263
288 324
430 16
68 51
328 30
130 362
334 369
17 304
43 141
433 327
657 86
468 377
223 213
49 48
503 292
345 226
519 314
73 118
477 39
269 371
127 441
20 201
168 110
388 274
89 149
648 264
491 361
435 442
34 29
280 432
73 333
544 205
198 155
226 264
368 203
448 439
351 123
169 88
88 267
22 348
79 335
205 107
124 370
536 81
488 21
392 72
67 46
600 156
34 139
536 135
529 265
65 381
372 231
124 201
341 10
189 303
67 351
202 21
409 95
529 28
394 172
621 416
500 401
395 203
375 68
182 1
263 145
54 433
621 340
12 65
626 122
160 3
475 22
608 442
642 239
298 84
523 65
621 182
2 30
12 128
299 240
33 347
625 99
270 185
220 330
598 240
401 382
22 106
235 239
286 69
607 49
195 232
135 92
101 170
639 99
466 105
662 166
463 115
321 221
492 296
75 149
452 290
360 112
281 128
160 416
456 403
232 160
166 226
652 194
632 202
260 17
312 396
22 417
212 443
144 264
129 435
168 266
396 211
452 363
608 312
79 169
349 227
590 134
44 399
615 183
459 137
240 50
215 441
505 289
296 367
141 355
231 109
267 216
178 142
73 174
149 423
397 184
487 72
391 302
219 346
367 50
576 212
440 78
325 216
298 279
506 391
200 302
231 348
484 21
346 373
49 51
16 195
302 89
73 339
427 427
216 231
45 102
499 85
126 188
553 434
203 421
298 128
605 295
480 55
589 388
65 2
52 280
364 122
60 343
380 266
152 62
83 382
68 316
281 244
55 24
153 217
120 18
387 245
167 345
254 103
35 374
492 313
144 126
184 412
536 349
403 331
597 75
317 338
475 383
355 298
435 10
572 412
50 345
195 315
186 221
416 338
654 201
44 124
222 94
470 223
414 284
231 26
404 391
101 378
411 4
490 29
160 107
470 216
