0 0
0 21
0 24
0 28
0 34
0 35
0 40
0 45
0 50
0 51
0 54
0 119
0 139
0 141
0 167
0 170
0 219
0 222
0 233
0 249
0 258
0 259
0 277
0 278
0 284
0 292
0 311
0 312
0 327
0 329
0 490
0 529
0 558
1 111
1 120
1 127
1 178
1 200
1 226
1 231
1 249
1 281
1 285
1 296
1 324
1 348
1 600
2 233
2 267
3 249
3 250
4 365
5 2
5 20
5 175
5 373
5 569
5 575
6 127
7 267
7 269
7 271
7 374
7 376
7 377
7 514
7 543
7 567
8 260
8 261
8 264
9 157
9 252
9 508
9 524
11 1
11 65
11 72
11 194
11 328
11 332
11 363
11 541
11 596
11 640
11 663
12 111
12 220
13 14
13 231
13 335
13 376
13 377
13 528
14 376
14 377
14 568
15 13
15 23
15 36
15 48
15 49
15 116
15 126
15 161
15 164
15 165
15 166
15 168
15 205
15 248
15 256
15 257
15 273
15 287
15 305
15 306
15 307
15 333
15 352
15 366
15 386
15 388
15 414
15 426
15 435
15 444
15 445
15 460
15 464
15 484
15 509
15 510
15 511
15 512
15 513
15 531
15 540
15 545
15 564
15 585
15 620
15 649
17 349
18 546
19 66
19 282
19 334
20 350
21 118
22 14
22 279
22 289
22 303
22 376
22 377
22 528
22 530
23 207
23 641
24 412
25 167
25 642
26 210
26 211
26 212
26 288
26 318
26 319
26 621
27 384
27 418
27 420
27 438
27 469
27 652
28 16
28 33
28 39
28 55
28 62
28 64
28 70
28 76
28 128
28 129
28 130
28 131
28 133
28 134
28 135
28 136
28 189
28 192
28 198
28 239
28 385
28 413
28 437
28 458
28 459
28 461
28 462
28 463
28 465
28 466
28 468
28 470
28 471
28 472
28 474
28 475
28 476
28 478
28 479
28 481
28 482
28 523
28 542
28 615
28 618
28 625
28 635
28 636
28 637
28 660
29 518
30 211
30 212
30 213
30 214
30 319
30 518
30 519
31 201
31 288
31 518
31 519
32 580
33 90
33 210
33 211
33 212
33 308
33 518
34 519
35 109
36 518
36 519
37 93
37 112
37 167
37 171
37 174
37 177
37 180
37 337
37 364
38 210
38 211
38 212
38 214
38 308
38 319
38 518
38 519
39 15
39 96
39 115
39 194
39 383
39 515
40 27
40 83
40 84
40 85
40 86
40 87
40 88
40 89
40 90
40 92
40 93
40 94
40 95
40 96
40 97
40 98
40 99
40 100
40 101
40 102
40 103
40 104
40 105
40 106
40 107
40 108
40 109
40 110
40 145
40 223
40 240
40 251
40 320
40 379
40 391
40 517
40 549
40 634
40 646
40 656
41 211
41 212
41 213
41 214
41 319
41 518
43 117
44 228
45 518
45 519
46 106
47 1
48 518
48 519
49 13
49 23
49 36
49 41
49 77
49 116
49 143
49 144
49 164
49 165
49 166
49 168
49 169
49 204
49 205
49 248
49 256
49 257
49 305
49 306
49 352
49 366
49 386
49 388
49 425
49 426
49 435
49 485
49 509
49 510
49 512
49 513
49 540
49 545
49 564
49 585
49 655
50 443
52 580
52 581
53 16
53 33
53 39
53 55
53 62
53 64
53 70
53 128
53 129
53 130
53 131
53 132
53 134
53 135
53 136
53 189
53 192
53 239
53 385
53 458
53 465
53 466
53 467
53 468
53 470
53 471
53 473
53 474
53 475
53 476
53 478
53 481
53 523
53 542
53 615
53 618
53 625
53 637
53 650
53 660
54 378
55 581
56 109
57 108
58 333
58 531
59 114
60 236
61 120
61 446
62 217
62 221
62 235
62 644
63 18
63 31
63 80
63 81
63 92
63 93
63 122
63 123
63 220
63 318
63 336
63 372
63 518
63 519
63 565
63 621
64 38
64 208
64 301
64 603
64 604
64 605
64 607
64 608
64 609
64 611
64 612
65 383
66 236
66 255
67 600
68 27
68 81
68 82
68 84
68 85
68 86
68 87
68 88
68 89
68 90
68 91
68 92
68 93
68 94
68 95
68 96
68 97
68 98
68 99
68 100
68 101
68 102
68 103
68 104
68 105
68 106
68 107
68 108
68 109
68 110
68 145
68 223
68 240
68 251
68 320
68 379
68 391
68 517
68 549
68 634
68 646
68 656
69 26
69 232
69 375
69 392
69 394
69 396
69 397
69 398
69 400
69 403
69 404
69 405
69 406
69 407
69 408
69 639
69 640
70 232
70 375
70 392
70 394
70 396
70 397
70 398
70 399
70 400
70 404
70 405
70 406
70 407
70 408
70 639
70 640
71 92
71 96
72 114
73 89
73 96
74 163
74 316
74 323
74 324
74 626
74 630
75 92
75 96
76 317
77 81
77 88
77 92
77 190
78 117
79 88
79 308
79 378
80 603
80 604
80 606
81 347
82 92
83 519
84 236
84 255
85 88
85 90
86 423
88 423
89 518
90 124
90 227
90 237
90 254
90 360
90 378
90 381
90 528
90 530
90 550
90 551
90 569
90 631
90 662
91 255
92 38
92 208
92 301
92 603
92 604
92 605
92 606
92 607
92 608
92 609
92 610
92 611
92 612
93 255
94 270
95 114
96 96
97 137
98 26
98 375
98 392
98 394
98 395
98 396
98 397
98 398
98 399
98 400
98 404
98 405
98 407
98 408
98 639
98 640
99 211
99 518
99 519
99 583
100 27
100 81
100 82
100 83
100 84
100 85
100 86
100 87
100 88
100 89
100 91
100 92
100 93
100 94
100 95
100 96
100 97
100 98
100 99
100 100
100 101
100 102
100 103
100 106
100 107
100 108
100 109
100 110
100 145
100 223
100 240
100 251
100 320
100 379
100 391
100 517
100 549
100 634
100 646
100 656
102 96
103 255
104 27
104 80
104 81
104 82
104 83
104 84
104 85
104 86
104 87
104 88
104 89
104 90
104 92
104 93
104 94
104 95
104 96
104 97
104 99
104 100
104 101
104 102
104 103
104 104
104 105
104 106
104 107
104 108
104 109
104 110
104 145
104 223
104 240
104 251
104 320
104 391
104 517
104 549
104 634
104 656
105 255
106 121
106 122
106 123
106 200
106 201
106 336
106 584
106 599
107 27
107 81
107 83
107 84
107 85
107 87
107 88
107 89
107 90
107 91
107 92
107 93
107 95
107 96
107 97
107 98
107 99
107 100
107 101
107 103
107 105
107 106
107 107
107 108
107 109
107 110
107 145
107 240
107 275
107 276
107 320
107 379
107 391
107 517
107 634
107 646
107 656
108 211
109 88
109 90
110 26
110 30
110 53
110 63
110 197
110 232
110 238
110 263
110 280
110 375
110 382
110 392
110 394
110 395
110 396
110 397
110 398
110 399
110 400
110 401
110 403
110 405
110 406
110 407
110 408
110 410
110 414
110 415
110 416
110 427
110 428
110 430
110 431
110 432
110 433
110 434
110 486
110 488
110 555
110 556
110 632
110 639
110 640
111 565
112 114
113 61
113 191
113 291
113 414
114 518
115 96
115 270
116 27
116 80
116 81
116 82
116 83
116 84
116 85
116 86
116 87
116 88
116 89
116 91
116 92
116 93
116 94
116 95
116 96
116 97
116 98
116 99
116 100
116 101
116 102
116 103
116 105
116 106
116 107
116 108
116 109
116 110
116 145
116 223
116 240
116 251
116 320
116 379
116 391
116 517
116 549
116 634
116 646
116 656
117 0
117 44
117 210
117 211
117 212
117 213
117 214
117 288
117 303
117 319
117 659
118 519
120 518
120 519
121 81
122 361
123 114
124 518
124 519
125 360
126 333
127 117
128 163
129 622
130 26
130 53
130 63
130 191
130 197
130 238
130 263
130 266
130 280
130 290
130 353
130 382
130 387
130 392
130 394
130 395
130 397
130 398
130 399
130 400
130 401
130 402
130 403
130 404
130 405
130 407
130 408
130 410
130 414
130 415
130 416
130 427
130 428
130 429
130 430
130 431
130 432
130 433
130 434
130 486
130 488
130 522
130 555
130 629
130 639
130 640
131 92
132 323
132 324
133 210
133 211
133 212
133 213
133 308
133 319
133 517
133 518
133 519
134 88
134 90
135 190
136 351
137 351
138 38
138 301
138 603
138 604
138 605
138 606
138 607
138 608
138 609
138 610
138 611
138 612
139 38
139 208
139 301
139 603
139 604
139 605
139 606
139 607
139 608
139 609
139 610
139 611
139 612
140 96
141 26
141 27
141 30
141 53
141 63
141 80
141 81
141 82
141 83
141 85
141 86
141 88
141 89
141 90
141 91
141 93
141 94
141 95
141 96
141 97
141 99
141 100
141 101
141 102
141 103
141 104
141 105
141 106
141 107
141 108
141 109
141 110
141 145
141 197
141 223
141 232
141 238
141 240
141 263
141 280
141 320
141 380
141 382
141 391
141 392
141 394
141 395
141 396
141 397
141 398
141 399
141 400
141 401
141 402
141 403
141 404
141 405
141 407
141 408
141 410
141 414
141 415
141 416
141 427
141 429
141 430
141 432
141 433
141 434
141 486
141 488
141 517
141 549
141 555
141 556
141 632
141 634
141 639
141 640
141 646
141 656
142 378
143 88
144 124
145 88
146 604
147 38
147 208
147 301
147 603
147 604
147 605
147 606
147 607
147 608
147 609
147 610
147 611
147 612
148 27
148 81
148 82
148 84
148 85
148 86
148 87
148 88
148 89
148 90
148 91
148 92
148 94
148 95
148 96
148 97
148 98
148 99
148 100
148 101
148 103
148 104
148 105
148 106
148 107
148 108
148 109
148 110
148 145
148 223
148 230
148 240
148 251
148 320
148 379
148 390
148 391
148 517
148 549
148 634
148 646
149 93
149 230
149 390
150 93
150 230
150 390
151 230
151 390
152 230
153 93
153 230
153 390
154 378
155 96
156 163
157 121
157 122
157 123
157 318
157 336
157 584
157 599
157 621
158 81
158 92
158 96
159 518
159 519
160 90
160 518
160 519
161 518
161 519
162 80
162 81
163 27
163 80
163 81
163 82
163 83
163 85
163 86
163 87
163 88
163 89
163 90
163 92
163 93
163 94
163 95
163 96
163 97
163 98
163 99
163 100
163 101
163 102
163 103
163 104
163 105
163 106
163 108
163 109
163 145
163 223
163 251
163 320
163 379
163 391
163 517
163 549
163 634
163 646
163 656
164 18
164 31
164 121
164 122
164 123
164 220
164 242
164 243
164 244
164 245
164 246
164 318
164 372
164 621
165 573
166 78
166 127
166 577
166 588
166 597
166 598
167 90
168 89
169 114
170 114
171 114
172 114
173 114
174 217
174 221
174 235
174 644
175 351
176 603
176 604
176 606
177 603
177 604
177 606
178 38
178 208
178 604
178 605
178 606
178 607
178 608
178 609
178 610
178 611
178 612
179 38
179 208
179 301
179 603
179 604
179 606
179 607
179 608
179 609
179 610
179 611
180 347
180 603
180 604
181 38
181 208
181 301
181 603
181 604
181 606
181 607
181 608
181 609
181 610
181 611
181 612
182 347
182 603
182 604
182 606
183 347
183 603
183 604
183 606
184 531
185 333
185 531
186 26
186 232
186 392
186 394
186 396
186 397
186 398
186 399
186 400
186 403
186 404
186 405
186 407
186 639
187 603
187 604
188 603
189 190
189 342
190 163
190 531
191 118
192 291
193 188
194 575
195 80
195 81
195 84
195 93
196 60
197 323
197 324
198 60
199 333
199 531
200 518
201 518
201 519
202 323
202 324
203 518
203 519
204 362
205 88
205 90
206 236
207 236
208 270
209 270
210 270
211 270
212 25
212 56
212 345
212 346
213 25
213 56
213 345
213 346
214 518
214 519
215 518
215 519
216 323
217 80
217 82
217 83
217 84
217 85
217 86
217 87
217 88
217 89
217 90
217 91
217 93
217 95
217 96
217 97
217 99
217 106
217 145
217 251
217 549
218 106
219 81
219 82
219 83
219 84
219 85
219 86
219 87
219 88
219 89
219 90
219 91
219 92
219 93
219 94
219 96
219 99
219 106
219 145
219 251
219 549
220 446
221 518
221 519
222 518
222 519
223 518
223 519
224 333
225 333
226 333
227 333
228 272
228 340
228 341
228 343
229 46
229 582
229 643
230 588
231 114
232 27
232 80
232 81
232 82
232 83
232 84
232 85
232 86
232 87
232 88
232 89
232 90
232 91
232 92
232 93
232 94
232 95
232 96
232 97
232 98
232 99
232 101
232 102
232 103
232 104
232 105
232 106
232 107
232 108
232 109
232 110
232 145
232 223
232 240
232 251
232 320
232 379
232 517
232 549
232 634
232 646
233 323
233 324
234 531
235 114
236 518
236 519
237 26
237 375
237 392
237 394
237 395
237 396
237 397
237 398
237 399
237 400
237 403
237 405
237 406
237 407
237 408
237 639
237 640
238 426
238 435
240 274
241 518
241 519
242 38
242 208
242 301
242 603
242 605
242 606
242 607
242 608
242 609
242 610
242 612
243 26
243 232
243 375
243 392
243 394
243 395
243 396
243 397
243 398
243 399
243 400
243 403
243 404
243 405
243 406
243 407
243 408
243 639
243 640
244 588
245 19
245 42
245 57
245 138
245 161
245 218
245 224
245 265
245 268
245 314
245 315
245 317
245 333
245 368
245 369
245 370
245 371
245 393
245 422
245 423
245 424
245 439
245 440
245 441
245 547
245 559
245 588
245 617
245 619
245 623
245 624
245 633
245 653
245 657
246 333
247 347
248 603
248 604
248 606
249 581
250 580
250 581
251 22
251 32
251 448
251 450
251 451
251 452
251 453
251 454
251 455
251 456
251 591
251 592
251 593
251 594
251 595
251 616
252 518
252 519
253 210
253 211
253 212
253 213
253 214
253 232
253 319
253 406
254 41
254 77
254 235
254 439
255 213
255 518
255 519
256 423
257 350
258 518
258 519
259 80
259 83
259 84
259 86
259 87
259 88
259 89
259 90
259 91
259 94
259 95
259 96
259 97
259 99
259 223
259 251
259 549
260 46
260 579
260 582
260 643
261 5
261 17
261 58
261 75
261 140
261 142
261 146
261 147
261 148
261 149
261 150
261 151
261 152
261 153
261 154
261 155
261 156
261 158
261 159
261 160
261 173
261 181
261 182
261 184
261 185
261 186
261 187
261 195
261 196
261 199
261 216
261 241
261 253
261 262
261 283
261 293
261 294
261 295
261 297
261 298
261 299
261 302
261 304
261 310
261 321
261 322
261 326
261 330
261 339
261 342
261 354
261 355
261 356
261 359
261 409
261 411
261 480
261 489
261 502
261 503
261 504
261 505
261 506
261 520
261 521
261 533
261 534
261 535
261 538
261 544
261 552
261 553
261 554
261 561
261 570
261 571
261 572
261 574
261 576
261 586
261 587
261 590
261 601
261 602
261 613
261 645
261 647
261 648
261 651
261 654
262 518
263 518
263 519
264 518
264 519
265 114
266 518
266 519
267 518
267 519
268 518
268 519
269 217
269 221
269 644
270 114
271 194
272 26
272 232
272 375
272 392
272 394
272 395
272 396
272 397
272 398
272 399
272 400
272 403
272 404
272 405
272 406
272 407
272 408
272 639
272 640
273 232
273 394
273 395
273 397
273 398
273 399
273 400
273 403
273 404
273 405
273 406
273 407
273 408
273 639
273 640
274 518
274 519
275 26
275 375
275 392
275 394
275 396
275 397
275 398
275 399
275 403
275 404
275 405
275 406
275 407
275 408
275 639
275 640
276 194
277 518
278 580
278 581
279 518
279 519
280 518
280 519
281 518
281 519
282 423
283 162
284 73
284 183
284 492
284 493
284 494
284 495
284 496
284 497
284 498
284 499
284 500
284 501
284 539
285 194
286 166
287 270
288 518
288 519
289 581
290 324
291 114
292 442
292 536
293 46
293 579
293 580
293 581
293 643
294 270
295 144
296 557
296 627
297 176
298 96
299 518
299 519
300 17
300 74
300 140
300 142
300 146
300 147
300 149
300 150
300 151
300 152
300 153
300 154
300 158
300 159
300 160
300 184
300 185
300 186
300 187
300 195
300 196
300 199
300 209
300 283
300 293
300 302
300 304
300 321
300 330
300 342
300 354
300 355
300 356
300 357
300 358
300 359
300 409
300 411
300 489
300 521
300 533
300 534
300 538
300 572
300 576
300 590
300 613
301 163
302 361
303 26
303 232
303 375
303 392
303 394
303 395
303 396
303 398
303 399
303 400
303 403
303 404
303 405
303 406
303 407
303 408
303 639
303 640
304 232
304 375
304 392
304 395
304 396
304 397
304 398
304 399
304 400
304 403
304 404
304 405
304 406
304 407
304 408
304 639
304 640
305 232
305 375
305 392
305 394
305 395
305 396
305 397
305 398
305 403
305 404
305 405
305 406
305 408
305 640
306 333
307 518
307 519
308 117
309 580
309 581
310 46
310 582
310 643
312 67
312 68
312 69
312 457
313 333
313 531
314 125
315 581
316 26
316 232
316 375
316 392
316 394
316 395
316 396
316 397
316 398
316 399
316 400
316 403
316 404
316 405
316 406
316 407
316 408
316 639
316 640
317 270
318 573
319 423
320 518
320 519
321 300
322 329
323 225
324 580
324 581
325 15
325 194
326 194
327 580
327 581
328 163
328 164
328 165
328 166
328 228
328 507
328 614
329 518
329 519
330 92
331 518
331 519
332 518
332 519
333 57
333 89
333 96
333 603
334 113
334 417
334 536
334 588
335 560
337 603
338 80
338 81
338 82
338 84
338 85
338 86
338 87
338 88
338 89
338 91
338 92
338 93
338 96
338 97
338 99
338 106
338 145
338 223
338 251
338 549
339 117
340 110
341 333
342 323
342 324
343 323
343 324
344 323
344 324
345 323
345 324
346 323
346 324
347 323
347 324
349 324
350 323
350 324
351 323
351 324
352 26
352 232
352 375
352 392
352 395
352 396
352 397
352 398
352 399
352 400
352 403
352 405
352 406
352 407
352 408
352 640
353 92
354 580
354 581
355 519
356 333
356 531
357 232
357 375
357 392
357 394
357 395
357 396
357 397
357 398
357 399
357 400
357 403
357 404
357 405
357 406
357 407
357 408
357 639
357 640
358 46
358 580
358 581
358 582
358 643
359 21
359 61
359 172
359 286
359 487
359 491
359 525
359 526
359 527
359 628
360 194
361 3
361 4
361 7
361 8
361 9
361 193
361 331
361 661
362 557
363 562
363 589
364 114
365 73
365 183
365 493
365 495
365 496
365 497
365 498
365 499
365 500
365 501
365 539
366 532
367 26
367 232
367 375
367 392
367 394
367 395
367 396
367 397
367 398
367 399
367 400
367 403
367 404
367 405
367 639
367 640
368 17
368 74
368 140
368 142
368 146
368 147
368 149
368 150
368 152
368 153
368 154
368 155
368 156
368 158
368 159
368 160
368 184
368 186
368 187
368 195
368 196
368 199
368 209
368 241
368 283
368 293
368 294
368 302
368 304
368 321
368 330
368 339
368 342
368 354
368 355
368 357
368 359
368 409
368 411
368 489
368 521
368 533
368 534
368 538
368 572
368 590
368 613
369 17
369 74
369 140
369 142
369 146
369 147
369 148
369 149
369 150
369 151
369 152
369 153
369 154
369 156
369 158
369 184
369 185
369 186
369 187
369 196
369 199
369 209
369 283
369 293
369 302
369 304
369 321
369 339
369 342
369 354
369 355
369 356
369 357
369 358
369 359
369 409
369 411
369 521
369 533
369 534
369 538
369 576
369 590
370 232
370 375
370 392
370 394
370 395
370 396
370 397
370 398
370 399
370 403
370 404
370 405
370 406
370 407
370 408
370 639
371 17
371 74
371 140
371 146
371 147
371 148
371 149
371 152
371 153
371 154
371 155
371 158
371 159
371 160
371 184
371 185
371 187
371 199
371 241
371 283
371 293
371 294
371 302
371 304
371 321
371 330
371 339
371 342
371 354
371 355
371 356
371 357
371 358
371 359
371 409
371 411
371 521
371 533
371 534
371 538
371 572
371 576
371 590
371 613
372 86
372 201
373 217
373 221
373 644
374 114
376 270
377 18
377 27
377 31
377 79
377 80
377 81
377 82
377 83
377 84
377 85
377 86
377 87
377 88
377 89
377 90
377 91
377 92
377 93
377 94
377 95
377 97
377 99
377 100
377 101
377 102
377 103
377 104
377 105
377 106
377 107
377 108
377 109
377 110
377 121
377 122
377 123
377 179
377 220
377 223
377 240
377 251
377 318
377 320
377 367
377 372
377 419
377 517
377 536
377 537
377 549
377 621
377 634
377 646
378 518
378 519
379 518
379 519
380 518
380 519
381 518
381 519
382 518
382 519
383 518
383 519
384 202
384 203
385 163
386 163
387 323
387 324
388 323
388 324
389 557
389 627
390 557
390 627
391 73
391 492
391 493
391 495
391 496
391 497
391 498
391 499
391 500
391 501
391 539
392 532
393 532
394 532
395 532
396 333
397 114
398 114
399 114
400 114
402 114
403 114
404 114
405 114
406 114
407 114
408 114
409 114
410 80
410 81
410 82
410 83
410 84
410 85
410 86
410 87
410 88
410 89
410 90
410 92
410 93
410 94
410 95
410 96
410 97
410 99
410 106
410 145
410 223
410 251
410 549
411 80
411 82
411 83
411 84
411 85
411 86
411 87
411 88
411 89
411 90
411 91
411 92
411 93
411 94
411 95
411 96
411 97
411 99
411 105
411 106
411 145
411 223
411 251
411 549
412 80
412 82
412 83
412 84
412 85
412 86
412 87
412 88
412 89
412 90
412 91
412 92
412 94
412 95
412 96
412 97
412 99
412 106
412 223
412 251
412 549
413 112
415 71
415 120
415 348
415 389
415 614
415 658
416 194
417 194
418 194
419 194
420 270
421 333
421 531
422 333
423 333
424 588
425 25
425 56
425 345
425 346
426 38
426 301
426 603
426 604
426 605
426 606
426 607
426 608
426 609
426 610
426 611
426 612
427 211
428 580
428 581
429 17
429 74
429 140
429 142
429 146
429 147
429 148
429 149
429 150
429 151
429 152
429 153
429 154
429 155
429 156
429 158
429 160
429 184
429 185
429 187
429 195
429 196
429 199
429 209
429 241
429 283
429 293
429 294
429 302
429 304
429 321
429 339
429 342
429 354
429 355
429 357
429 359
429 409
429 411
429 489
429 521
429 533
429 534
429 538
429 590
429 613
430 17
430 74
430 140
430 146
430 147
430 148
430 149
430 150
430 151
430 152
430 153
430 154
430 155
430 156
430 158
430 159
430 160
430 184
430 185
430 186
430 187
430 195
430 196
430 199
430 209
430 283
430 293
430 294
430 302
430 321
430 330
430 342
430 354
430 355
430 356
430 358
430 359
430 409
430 411
430 489
430 521
430 533
430 534
430 538
430 572
430 576
430 590
430 613
431 17
431 74
431 140
431 142
431 146
431 147
431 148
431 149
431 150
431 153
431 154
431 155
431 156
431 158
431 159
431 160
431 184
431 185
431 186
431 187
431 195
431 196
431 199
431 209
431 241
431 283
431 293
431 294
431 302
431 304
431 321
431 330
431 342
431 354
431 355
431 356
431 357
431 358
431 359
431 409
431 489
431 521
431 533
431 538
431 572
431 576
431 590
431 613
432 19
432 313
432 314
432 439
432 441
432 617
432 633
432 653
433 166
434 46
434 579
434 582
434 643
435 323
435 324
436 588
437 333
438 293
438 294
439 338
439 340
439 341
440 89
440 483
441 88
441 90
441 96
441 347
442 255
443 324
444 117
