2.142540000000000000e+05
8.074000000000000000e+04
2.089500000000000000e+04
2.845190000000000000e+05
7.671400000000000000e+04
5.634600000000000000e+04
1.480720000000000000e+05
3.373900000000000000e+04
2.133310000000000000e+05
6.700800000000000000e+04
1.450310000000000000e+05
8.466400000000000000e+04
2.325710000000000000e+05
2.165880000000000000e+05
1.109720000000000000e+05
2.284560000000000000e+05
2.413830000000000000e+05
1.971140000000000000e+05
3.987400000000000000e+04
1.988780000000000000e+05
4.938400000000000000e+04
2.901700000000000000e+05
1.114320000000000000e+05
1.132770000000000000e+05
4.523800000000000000e+04
1.817230000000000000e+05
2.641580000000000000e+05
2.751190000000000000e+05
2.048320000000000000e+05
2.864750000000000000e+05
3.865800000000000000e+04
2.315850000000000000e+05
2.745520000000000000e+05
1.277400000000000000e+04
3.945100000000000000e+04
1.769550000000000000e+05
1.912700000000000000e+05
1.762070000000000000e+05
2.106790000000000000e+05
5.997600000000000000e+04
8.334000000000000000e+04
1.220400000000000000e+04
1.297500000000000000e+05
1.836180000000000000e+05
1.233050000000000000e+05
4.528600000000000000e+04
1.276610000000000000e+05
2.192630000000000000e+05
2.999700000000000000e+04
2.400560000000000000e+05
2.015890000000000000e+05
1.125690000000000000e+05
2.370490000000000000e+05
2.168250000000000000e+05
5.147900000000000000e+04
2.882670000000000000e+05
3.175800000000000000e+04
3.719300000000000000e+04
2.581600000000000000e+05
9.241900000000000000e+04
2.476000000000000000e+03
2.616210000000000000e+05
2.909810000000000000e+05
1.269680000000000000e+05
1.585580000000000000e+05
8.297800000000000000e+04
2.194830000000000000e+05
2.387220000000000000e+05
1.759890000000000000e+05
4.639500000000000000e+04
2.286470000000000000e+05
8.472800000000000000e+04
9.847600000000000000e+04
8.065200000000000000e+04
3.270600000000000000e+04
6.542200000000000000e+04
2.586700000000000000e+04
1.246110000000000000e+05
6.369900000000000000e+04
1.382070000000000000e+05
2.895140000000000000e+05
1.705820000000000000e+05
1.851110000000000000e+05
1.582010000000000000e+05
8.335000000000000000e+03
3.527200000000000000e+04
1.527300000000000000e+05
2.003030000000000000e+05
1.004900000000000000e+04
4.029700000000000000e+04
2.237950000000000000e+05
1.062440000000000000e+05
2.835350000000000000e+05
2.236530000000000000e+05
2.507000000000000000e+04
1.742910000000000000e+05
2.401250000000000000e+05
2.492640000000000000e+05
1.237800000000000000e+05
2.004920000000000000e+05
6.425900000000000000e+04
2.589400000000000000e+05
2.819970000000000000e+05
1.437230000000000000e+05
2.248300000000000000e+04
1.763270000000000000e+05
2.573110000000000000e+05
1.923770000000000000e+05
2.539040000000000000e+05
6.226200000000000000e+04
1.586700000000000000e+04
9.369500000000000000e+04
2.596140000000000000e+05
2.560590000000000000e+05
1.273410000000000000e+05
1.736540000000000000e+05
2.672080000000000000e+05
1.915840000000000000e+05
1.001400000000000000e+05
1.438760000000000000e+05
1.988140000000000000e+05
8.168000000000000000e+04
1.710300000000000000e+05
1.483190000000000000e+05
1.567340000000000000e+05
1.997300000000000000e+04
2.397000000000000000e+04
1.266990000000000000e+05
3.903000000000000000e+03
1.525800000000000000e+05
1.491790000000000000e+05
1.882500000000000000e+05
6.259600000000000000e+04
2.412490000000000000e+05
1.320600000000000000e+04
2.142300000000000000e+04
1.124550000000000000e+05
1.644600000000000000e+05
1.182470000000000000e+05
7.143500000000000000e+04
2.224840000000000000e+05
1.856880000000000000e+05
5.897500000000000000e+04
1.351820000000000000e+05
2.022920000000000000e+05
1.069770000000000000e+05
2.414850000000000000e+05
2.640770000000000000e+05
1.391800000000000000e+05
4.400500000000000000e+04
5.548300000000000000e+04
2.811030000000000000e+05
2.010800000000000000e+04
2.282450000000000000e+05
1.359400000000000000e+05
2.071570000000000000e+05
1.503440000000000000e+05
2.144680000000000000e+05
7.202500000000000000e+04
1.755350000000000000e+05
2.858500000000000000e+04
1.079610000000000000e+05
1.398640000000000000e+05
3.924700000000000000e+04
4.392300000000000000e+04
6.245400000000000000e+04
2.539570000000000000e+05
2.619400000000000000e+04
2.601990000000000000e+05
8.718000000000000000e+03
7.749800000000000000e+04
7.506700000000000000e+04
1.890530000000000000e+05
1.296870000000000000e+05
2.213940000000000000e+05
4.372500000000000000e+04
8.263600000000000000e+04
9.034100000000000000e+04
1.490940000000000000e+05
2.171990000000000000e+05
1.315670000000000000e+05
1.240030000000000000e+05
1.632780000000000000e+05
1.265640000000000000e+05
3.571300000000000000e+04
2.085220000000000000e+05
6.255100000000000000e+04
2.905850000000000000e+05
1.622500000000000000e+04
1.651070000000000000e+05
1.380740000000000000e+05
1.683340000000000000e+05
9.332000000000000000e+04
2.590030000000000000e+05
5.375900000000000000e+04
2.313320000000000000e+05
2.316170000000000000e+05
1.521840000000000000e+05
2.160250000000000000e+05
1.672600000000000000e+05
1.797180000000000000e+05
2.257420000000000000e+05
1.064290000000000000e+05
3.365900000000000000e+04
1.032830000000000000e+05
1.417150000000000000e+05
1.697690000000000000e+05
7.010000000000000000e+04
1.236200000000000000e+05
1.479880000000000000e+05
3.566700000000000000e+04
2.218860000000000000e+05
2.105120000000000000e+05
7.497500000000000000e+04
1.600300000000000000e+05
2.240740000000000000e+05
2.015470000000000000e+05
9.877700000000000000e+04
2.328420000000000000e+05
1.059360000000000000e+05
2.519100000000000000e+05
1.822590000000000000e+05
8.864300000000000000e+04
1.885910000000000000e+05
2.432490000000000000e+05
2.953700000000000000e+04
4.230000000000000000e+03
1.318900000000000000e+04
2.714680000000000000e+05
2.334550000000000000e+05
2.623900000000000000e+05
2.134030000000000000e+05
1.347350000000000000e+05
2.744810000000000000e+05
3.958800000000000000e+04
1.495810000000000000e+05
1.477210000000000000e+05
2.138120000000000000e+05
1.458610000000000000e+05
2.269720000000000000e+05
3.823000000000000000e+04
2.198900000000000000e+05
2.818790000000000000e+05
1.858810000000000000e+05
4.599100000000000000e+04
2.069500000000000000e+04
2.972000000000000000e+04
1.146700000000000000e+05
2.148420000000000000e+05
1.239260000000000000e+05
4.788900000000000000e+04
1.165020000000000000e+05
7.200700000000000000e+04
3.355400000000000000e+04
1.120240000000000000e+05
4.778100000000000000e+04
1.113110000000000000e+05
1.034700000000000000e+04
2.715970000000000000e+05
8.105000000000000000e+04
2.707700000000000000e+05
2.554080000000000000e+05
2.622850000000000000e+05
2.272400000000000000e+05
7.117800000000000000e+04
5.887100000000000000e+04
6.037000000000000000e+04
2.725500000000000000e+05
2.875000000000000000e+05
2.746610000000000000e+05
2.282390000000000000e+05
9.509400000000000000e+04
1.349970000000000000e+05
1.097120000000000000e+05
2.371820000000000000e+05
1.403710000000000000e+05
1.676100000000000000e+05
8.929700000000000000e+04
1.588040000000000000e+05
1.644500000000000000e+04
2.808690000000000000e+05
1.629470000000000000e+05
1.634700000000000000e+04
1.628950000000000000e+05
2.604500000000000000e+05
1.992740000000000000e+05
2.110170000000000000e+05
7.906700000000000000e+04
2.921300000000000000e+04
1.150000000000000000e+04
2.513640000000000000e+05
2.824810000000000000e+05
2.707240000000000000e+05
2.211760000000000000e+05
2.248170000000000000e+05
1.137450000000000000e+05
2.936790000000000000e+05
6.188800000000000000e+04
1.961430000000000000e+05
2.981400000000000000e+04
1.016480000000000000e+05
3.991000000000000000e+03
2.104430000000000000e+05
2.492070000000000000e+05
1.066680000000000000e+05
3.087300000000000000e+04
2.924890000000000000e+05
1.259010000000000000e+05
7.248000000000000000e+03
1.280340000000000000e+05
1.561640000000000000e+05
7.923000000000000000e+03
5.815500000000000000e+04
2.213650000000000000e+05
1.381080000000000000e+05
1.207150000000000000e+05
6.582100000000000000e+04
1.111350000000000000e+05
1.688210000000000000e+05
1.634800000000000000e+04
2.833910000000000000e+05
6.851200000000000000e+04
1.510950000000000000e+05
2.496000000000000000e+04
1.939090000000000000e+05
9.017300000000000000e+04
2.268890000000000000e+05
2.242800000000000000e+05
1.988050000000000000e+05
1.838660000000000000e+05
2.643010000000000000e+05
2.636820000000000000e+05
1.045450000000000000e+05
1.316070000000000000e+05
7.655000000000000000e+04
2.615540000000000000e+05
6.008200000000000000e+04
2.885680000000000000e+05
1.371700000000000000e+05
2.038380000000000000e+05
1.556770000000000000e+05
1.319380000000000000e+05
6.333000000000000000e+04
4.028800000000000000e+04
2.408820000000000000e+05
1.296540000000000000e+05
2.384170000000000000e+05
3.573200000000000000e+04
2.148370000000000000e+05
1.575120000000000000e+05
2.098290000000000000e+05
1.864400000000000000e+04
1.097820000000000000e+05
2.686620000000000000e+05
1.151490000000000000e+05
2.627550000000000000e+05
2.504010000000000000e+05
2.310900000000000000e+05
1.597020000000000000e+05
7.711400000000000000e+04
2.901900000000000000e+04
2.981300000000000000e+04
6.486800000000000000e+04
1.167640000000000000e+05
2.342850000000000000e+05
2.381080000000000000e+05
2.807300000000000000e+05
2.713980000000000000e+05
2.828300000000000000e+04
2.166550000000000000e+05
2.421790000000000000e+05
1.747010000000000000e+05
2.793960000000000000e+05
2.895640000000000000e+05
1.358800000000000000e+04
1.202000000000000000e+03
1.115960000000000000e+05
1.670180000000000000e+05
2.613030000000000000e+05
3.587900000000000000e+04
2.112790000000000000e+05
2.626770000000000000e+05
1.915860000000000000e+05
9.637100000000000000e+04
2.636740000000000000e+05
2.332900000000000000e+05
1.883500000000000000e+05
6.845100000000000000e+04
7.947000000000000000e+04
1.929200000000000000e+04
2.415400000000000000e+04
2.286030000000000000e+05
2.605180000000000000e+05
7.827500000000000000e+04
2.056140000000000000e+05
6.952000000000000000e+04
2.712010000000000000e+05
1.545730000000000000e+05
2.591780000000000000e+05
7.880400000000000000e+04
4.129200000000000000e+04
1.029910000000000000e+05
2.613870000000000000e+05
2.001600000000000000e+04
2.851000000000000000e+04
2.915290000000000000e+05
5.184900000000000000e+04
1.755100000000000000e+05
2.467760000000000000e+05
2.228530000000000000e+05
2.175600000000000000e+05
1.576760000000000000e+05
1.455790000000000000e+05
9.368600000000000000e+04
1.621080000000000000e+05
1.111230000000000000e+05
8.305800000000000000e+04
2.601940000000000000e+05
2.016090000000000000e+05
8.036100000000000000e+04
1.725120000000000000e+05
1.533220000000000000e+05
1.996300000000000000e+05
1.308870000000000000e+05
2.271990000000000000e+05
2.169570000000000000e+05
1.280510000000000000e+05
2.646150000000000000e+05
1.085200000000000000e+05
3.323600000000000000e+04
1.252170000000000000e+05
2.154530000000000000e+05
2.046910000000000000e+05
1.727550000000000000e+05
1.841340000000000000e+05
2.913230000000000000e+05
2.546880000000000000e+05
6.824700000000000000e+04
1.719870000000000000e+05
1.994620000000000000e+05
2.058010000000000000e+05
1.901430000000000000e+05
1.279080000000000000e+05
2.292000000000000000e+03
2.173650000000000000e+05
1.903470000000000000e+05
2.387180000000000000e+05
3.969700000000000000e+04
2.372270000000000000e+05
1.181630000000000000e+05
1.516890000000000000e+05
2.865400000000000000e+05
5.361200000000000000e+04
2.249510000000000000e+05
4.150900000000000000e+04
5.597100000000000000e+04
1.761730000000000000e+05
4.150400000000000000e+04
1.785780000000000000e+05
5.184000000000000000e+03
2.099530000000000000e+05
2.390190000000000000e+05
2.290700000000000000e+05
2.471000000000000000e+05
2.551650000000000000e+05
2.603880000000000000e+05
1.662260000000000000e+05
1.767100000000000000e+04
2.921670000000000000e+05
1.248160000000000000e+05
4.177300000000000000e+04
1.570000000000000000e+02
2.053160000000000000e+05
2.776610000000000000e+05
8.025200000000000000e+04
7.534000000000000000e+03
1.069360000000000000e+05
2.485050000000000000e+05
2.812790000000000000e+05
2.798580000000000000e+05
3.407300000000000000e+04
2.837520000000000000e+05
1.792300000000000000e+05
2.795000000000000000e+04
2.081370000000000000e+05
2.270640000000000000e+05
2.101850000000000000e+05
9.648300000000000000e+04
1.414930000000000000e+05
1.030100000000000000e+04
2.091000000000000000e+03
1.427090000000000000e+05
1.237790000000000000e+05
1.893210000000000000e+05
1.717740000000000000e+05
2.675930000000000000e+05
7.171800000000000000e+04
1.157310000000000000e+05
2.147180000000000000e+05
1.672490000000000000e+05
1.942700000000000000e+04
8.729500000000000000e+04
2.949580000000000000e+05
1.952520000000000000e+05
2.422670000000000000e+05
2.779240000000000000e+05
7.321500000000000000e+04
2.263900000000000000e+05
1.643800000000000000e+04
8.413000000000000000e+04
6.648700000000000000e+04
4.176900000000000000e+04
7.928400000000000000e+04
2.857710000000000000e+05
1.464270000000000000e+05
7.476500000000000000e+04
1.008900000000000000e+04
1.482510000000000000e+05
1.952060000000000000e+05
2.448300000000000000e+04
1.263470000000000000e+05
5.787800000000000000e+04
1.637250000000000000e+05
4.677800000000000000e+04
2.477650000000000000e+05
1.776610000000000000e+05
3.203700000000000000e+04
9.585700000000000000e+04
5.828300000000000000e+04
1.117820000000000000e+05
6.993900000000000000e+04
8.722900000000000000e+04
7.308600000000000000e+04
2.686400000000000000e+04
2.389490000000000000e+05
2.317720000000000000e+05
2.757390000000000000e+05
1.621140000000000000e+05
2.239500000000000000e+05
2.091360000000000000e+05
2.132500000000000000e+04
1.740860000000000000e+05
4.311000000000000000e+04
1.027530000000000000e+05
1.198460000000000000e+05
1.391650000000000000e+05
1.324490000000000000e+05
7.962700000000000000e+04
1.114170000000000000e+05
8.361300000000000000e+04
2.095500000000000000e+04
1.373600000000000000e+05
1.993900000000000000e+04
1.776180000000000000e+05
2.711390000000000000e+05
1.444010000000000000e+05
2.387090000000000000e+05
2.470760000000000000e+05
2.880810000000000000e+05
9.509800000000000000e+04
1.882700000000000000e+05
3.354000000000000000e+04
1.811360000000000000e+05
2.755260000000000000e+05
2.801630000000000000e+05
1.509410000000000000e+05
4.191800000000000000e+04
8.659700000000000000e+04
1.635020000000000000e+05
1.870790000000000000e+05
1.212600000000000000e+05
1.908230000000000000e+05
4.810900000000000000e+04
2.686030000000000000e+05
9.282600000000000000e+04
2.381460000000000000e+05
8.376000000000000000e+03
1.040060000000000000e+05
7.881800000000000000e+04
2.791050000000000000e+05
7.289400000000000000e+04
2.630030000000000000e+05
1.756840000000000000e+05
9.405000000000000000e+03
7.580000000000000000e+03
2.506460000000000000e+05
2.638200000000000000e+05
2.345020000000000000e+05
2.818310000000000000e+05
2.799410000000000000e+05
8.349100000000000000e+04
1.891440000000000000e+05
1.262410000000000000e+05
1.475460000000000000e+05
1.943820000000000000e+05
1.630870000000000000e+05
7.399100000000000000e+04
2.145030000000000000e+05
2.017590000000000000e+05
1.344110000000000000e+05
2.447830000000000000e+05
6.557800000000000000e+04
1.340060000000000000e+05
2.578350000000000000e+05
4.578000000000000000e+04
2.263700000000000000e+05
3.387500000000000000e+04
1.818530000000000000e+05
2.869420000000000000e+05
1.163890000000000000e+05
2.397170000000000000e+05
2.128840000000000000e+05
9.482500000000000000e+04
1.219700000000000000e+05
2.575970000000000000e+05
2.909040000000000000e+05
9.546000000000000000e+04
1.578440000000000000e+05
1.467020000000000000e+05
2.529700000000000000e+04
2.281900000000000000e+05
2.475260000000000000e+05
4.295200000000000000e+04
1.724170000000000000e+05
9.643900000000000000e+04
2.450970000000000000e+05
1.986090000000000000e+05
2.531540000000000000e+05
1.374360000000000000e+05
9.402600000000000000e+04
2.513200000000000000e+05
1.009900000000000000e+05
2.026990000000000000e+05
2.642360000000000000e+05
1.320910000000000000e+05
9.534000000000000000e+03
1.581750000000000000e+05
2.797170000000000000e+05
2.576880000000000000e+05
1.465930000000000000e+05
1.556250000000000000e+05
7.567500000000000000e+04
7.076700000000000000e+04
1.361460000000000000e+05
7.741700000000000000e+04
8.972800000000000000e+04
8.114100000000000000e+04
7.472300000000000000e+04
2.404440000000000000e+05
9.538400000000000000e+04
2.027350000000000000e+05
2.034140000000000000e+05
1.377030000000000000e+05
1.238250000000000000e+05
2.148010000000000000e+05
3.075000000000000000e+04
3.372600000000000000e+04
2.436840000000000000e+05
2.904220000000000000e+05
2.568800000000000000e+05
5.100800000000000000e+04
1.175720000000000000e+05
4.648200000000000000e+04
1.414350000000000000e+05
3.616900000000000000e+04
7.754000000000000000e+03
1.547640000000000000e+05
1.407980000000000000e+05
8.706800000000000000e+04
2.473220000000000000e+05
2.736780000000000000e+05
1.828570000000000000e+05
8.643400000000000000e+04
1.391900000000000000e+05
2.620520000000000000e+05
2.078050000000000000e+05
3.201500000000000000e+04
2.192590000000000000e+05
1.836930000000000000e+05
9.667300000000000000e+04
1.233340000000000000e+05
2.852330000000000000e+05
2.937110000000000000e+05
2.924700000000000000e+04
8.526200000000000000e+04
1.745700000000000000e+05
2.151950000000000000e+05
1.488400000000000000e+05
4.162000000000000000e+04
3.171400000000000000e+04
1.903020000000000000e+05
2.072660000000000000e+05
1.993130000000000000e+05
7.502000000000000000e+03
1.191900000000000000e+05
2.560370000000000000e+05
2.546000000000000000e+04
1.563210000000000000e+05
1.391030000000000000e+05
8.900000000000000000e+02
1.552620000000000000e+05
2.387700000000000000e+05
1.706800000000000000e+04
2.046200000000000000e+04
1.684190000000000000e+05
6.001400000000000000e+04
9.203800000000000000e+04
8.044000000000000000e+03
4.804700000000000000e+04
2.426050000000000000e+05
9.472600000000000000e+04
1.325400000000000000e+05
4.722600000000000000e+04
2.746060000000000000e+05
2.759140000000000000e+05
2.449730000000000000e+05
2.054030000000000000e+05
2.217750000000000000e+05
3.296700000000000000e+04
9.931900000000000000e+04
1.761650000000000000e+05
4.887900000000000000e+04
1.132600000000000000e+05
1.012140000000000000e+05
2.137780000000000000e+05
1.867390000000000000e+05
8.112200000000000000e+04
2.258000000000000000e+04
2.043630000000000000e+05
2.548320000000000000e+05
1.752030000000000000e+05
1.615650000000000000e+05
2.544320000000000000e+05
1.233660000000000000e+05
1.675240000000000000e+05
2.423680000000000000e+05
3.518100000000000000e+04
6.328500000000000000e+04
7.331000000000000000e+04
7.393300000000000000e+04
1.383700000000000000e+05
3.905900000000000000e+04
2.363000000000000000e+05
1.495080000000000000e+05
1.245190000000000000e+05
1.155160000000000000e+05
2.887930000000000000e+05
1.382250000000000000e+05
3.207000000000000000e+03
1.855240000000000000e+05
1.542470000000000000e+05
9.045600000000000000e+04
1.130710000000000000e+05
1.750740000000000000e+05
5.720400000000000000e+04
1.787050000000000000e+05
2.309800000000000000e+04
7.662000000000000000e+04
1.610350000000000000e+05
1.019070000000000000e+05
8.481900000000000000e+04
1.652390000000000000e+05
1.495670000000000000e+05
2.768520000000000000e+05
2.536240000000000000e+05
1.244570000000000000e+05
8.539400000000000000e+04
1.280610000000000000e+05
2.389700000000000000e+04
1.221350000000000000e+05
9.915000000000000000e+03
1.664880000000000000e+05
6.592100000000000000e+04
8.293200000000000000e+04
5.374300000000000000e+04
1.957400000000000000e+05
1.872570000000000000e+05
1.990090000000000000e+05
2.717740000000000000e+05
2.865970000000000000e+05
1.036400000000000000e+04
1.754390000000000000e+05
1.384910000000000000e+05
1.719180000000000000e+05
1.679850000000000000e+05
1.966890000000000000e+05
5.866400000000000000e+04
1.644560000000000000e+05
7.192500000000000000e+04
2.950030000000000000e+05
2.083410000000000000e+05
1.430280000000000000e+05
5.986800000000000000e+04
2.505340000000000000e+05
4.157700000000000000e+04
2.383040000000000000e+05
2.766580000000000000e+05
1.114980000000000000e+05
1.227650000000000000e+05
6.341000000000000000e+03
1.756330000000000000e+05
1.630940000000000000e+05
4.784900000000000000e+04
2.323620000000000000e+05
2.046450000000000000e+05
5.985400000000000000e+04
6.334000000000000000e+03
2.433700000000000000e+05
1.463560000000000000e+05
2.338410000000000000e+05
1.925660000000000000e+05
2.363240000000000000e+05
1.714650000000000000e+05
9.365200000000000000e+04
6.870600000000000000e+04
3.604000000000000000e+04
9.408600000000000000e+04
1.116900000000000000e+04
1.719100000000000000e+04
5.964700000000000000e+04
2.790530000000000000e+05
1.876760000000000000e+05
1.555000000000000000e+05
2.911090000000000000e+05
1.788740000000000000e+05
1.219760000000000000e+05
1.775600000000000000e+04
2.066300000000000000e+04
9.625700000000000000e+04
2.340670000000000000e+05
1.774490000000000000e+05
2.768780000000000000e+05
4.722000000000000000e+04
9.242600000000000000e+04
2.040020000000000000e+05
1.326940000000000000e+05
5.407600000000000000e+04
8.668800000000000000e+04
6.302200000000000000e+04
1.232150000000000000e+05
2.478390000000000000e+05
2.767650000000000000e+05
6.052200000000000000e+04
3.690800000000000000e+04
2.808900000000000000e+04
2.600910000000000000e+05
2.273330000000000000e+05
5.360900000000000000e+04
4.846200000000000000e+04
2.154710000000000000e+05
2.426600000000000000e+04
1.518920000000000000e+05
1.458830000000000000e+05
1.039670000000000000e+05
2.247670000000000000e+05
8.754700000000000000e+04
2.835660000000000000e+05
1.345410000000000000e+05
2.206530000000000000e+05
1.291460000000000000e+05
2.223850000000000000e+05
5.914000000000000000e+03
9.021400000000000000e+04
1.301280000000000000e+05
6.918400000000000000e+04
2.209970000000000000e+05
2.659950000000000000e+05
2.172410000000000000e+05
5.276500000000000000e+04
2.365020000000000000e+05
1.585390000000000000e+05
7.394100000000000000e+04
2.530570000000000000e+05
1.039640000000000000e+05
1.094750000000000000e+05
6.360000000000000000e+04
1.322790000000000000e+05
1.855300000000000000e+05
2.003980000000000000e+05
1.445840000000000000e+05
2.725760000000000000e+05
1.798960000000000000e+05
1.497850000000000000e+05
9.350300000000000000e+04
2.722600000000000000e+05
7.663500000000000000e+04
9.232400000000000000e+04
1.815840000000000000e+05
5.026600000000000000e+04
1.253340000000000000e+05
1.244780000000000000e+05
2.669690000000000000e+05
2.026850000000000000e+05
2.297990000000000000e+05
2.511550000000000000e+05
1.680950000000000000e+05
8.777700000000000000e+04
1.734060000000000000e+05
1.867260000000000000e+05
2.638690000000000000e+05
2.818000000000000000e+03
2.602100000000000000e+05
2.939800000000000000e+04
1.337020000000000000e+05
1.295230000000000000e+05
2.446940000000000000e+05
2.166110000000000000e+05
2.014980000000000000e+05
2.324700000000000000e+04
3.654700000000000000e+04
1.290100000000000000e+04
2.253880000000000000e+05
2.426790000000000000e+05
8.432500000000000000e+04
3.106400000000000000e+04
7.006000000000000000e+03
4.083300000000000000e+04
3.650800000000000000e+04
1.802790000000000000e+05
1.918290000000000000e+05
1.798270000000000000e+05
2.450460000000000000e+05
1.614480000000000000e+05
1.104720000000000000e+05
1.253650000000000000e+05
2.091210000000000000e+05
2.178250000000000000e+05
1.836360000000000000e+05
2.259800000000000000e+04
2.269130000000000000e+05
4.983200000000000000e+04
2.587940000000000000e+05
8.173000000000000000e+04
2.001890000000000000e+05
4.121400000000000000e+04
2.540250000000000000e+05
1.651900000000000000e+05
2.458100000000000000e+05
5.306100000000000000e+04
4.629300000000000000e+04
1.364510000000000000e+05
1.348000000000000000e+04
5.748300000000000000e+04
1.687300000000000000e+05
2.163780000000000000e+05
2.238060000000000000e+05
9.046500000000000000e+04
2.419780000000000000e+05
1.680080000000000000e+05
2.654130000000000000e+05
2.472850000000000000e+05
2.717460000000000000e+05
2.942620000000000000e+05
9.750000000000000000e+03
1.040140000000000000e+05
3.726000000000000000e+04
2.553790000000000000e+05
1.262550000000000000e+05
1.966300000000000000e+04
2.946700000000000000e+05
5.320000000000000000e+02
2.696200000000000000e+04
2.802300000000000000e+05
2.776670000000000000e+05
9.545400000000000000e+04
2.641510000000000000e+05
9.557400000000000000e+04
1.614030000000000000e+05
8.698900000000000000e+04
2.261950000000000000e+05
2.598020000000000000e+05
1.721700000000000000e+04
1.120460000000000000e+05
1.784030000000000000e+05
2.115100000000000000e+04
2.116210000000000000e+05
1.006810000000000000e+05
1.655730000000000000e+05
2.750150000000000000e+05
2.698860000000000000e+05
6.787900000000000000e+04
7.387500000000000000e+04
4.558200000000000000e+04
2.181210000000000000e+05
1.944200000000000000e+04
2.385390000000000000e+05
7.518000000000000000e+03
2.136200000000000000e+05
1.498510000000000000e+05
9.164400000000000000e+04
2.934170000000000000e+05
2.922740000000000000e+05
2.830900000000000000e+05
1.560770000000000000e+05
6.039300000000000000e+04
1.841030000000000000e+05
1.120250000000000000e+05
1.562090000000000000e+05
3.260600000000000000e+04
8.112900000000000000e+04
2.289040000000000000e+05
2.329720000000000000e+05
1.655530000000000000e+05
1.046120000000000000e+05
1.987500000000000000e+05
2.666000000000000000e+03
1.058650000000000000e+05
2.840300000000000000e+05
1.459030000000000000e+05
1.281590000000000000e+05
1.743270000000000000e+05
2.364030000000000000e+05
1.590300000000000000e+04
1.606400000000000000e+05
6.647000000000000000e+04
2.258000000000000000e+05
2.722080000000000000e+05
8.544900000000000000e+04
2.422390000000000000e+05
1.998670000000000000e+05
2.322000000000000000e+04
2.914290000000000000e+05
1.108360000000000000e+05
2.685830000000000000e+05
2.865460000000000000e+05
2.352400000000000000e+05
1.655580000000000000e+05
2.002980000000000000e+05
2.778750000000000000e+05
2.558770000000000000e+05
1.640370000000000000e+05
2.096820000000000000e+05
1.340750000000000000e+05
1.707970000000000000e+05
1.045760000000000000e+05
5.527900000000000000e+04
2.463540000000000000e+05
8.533000000000000000e+03
2.020110000000000000e+05
2.555140000000000000e+05
1.838670000000000000e+05
2.034290000000000000e+05
1.770750000000000000e+05
1.981640000000000000e+05
2.861230000000000000e+05
2.238210000000000000e+05
7.040900000000000000e+04
3.762000000000000000e+03
9.324500000000000000e+04
2.780310000000000000e+05
2.390700000000000000e+05
2.520280000000000000e+05
1.252200000000000000e+05
2.840280000000000000e+05
1.360390000000000000e+05
1.747390000000000000e+05
1.575410000000000000e+05
2.571150000000000000e+05
1.586630000000000000e+05
1.855200000000000000e+04
1.373060000000000000e+05
1.390730000000000000e+05
9.076100000000000000e+04
1.239990000000000000e+05
5.452900000000000000e+04
8.236300000000000000e+04
2.926010000000000000e+05
1.557390000000000000e+05
1.885660000000000000e+05
4.684500000000000000e+04
1.466000000000000000e+05
8.249900000000000000e+04
2.114790000000000000e+05
1.577240000000000000e+05
7.444000000000000000e+03
2.716900000000000000e+05
1.186790000000000000e+05
5.667800000000000000e+04
2.872840000000000000e+05
1.649170000000000000e+05
2.650800000000000000e+05
3.115000000000000000e+04
6.230100000000000000e+04
3.634900000000000000e+04
1.677240000000000000e+05
1.560990000000000000e+05
9.622200000000000000e+04
1.151500000000000000e+04
1.981060000000000000e+05
1.410300000000000000e+04
1.719500000000000000e+05
1.143750000000000000e+05
7.996100000000000000e+04
1.641200000000000000e+04
2.984900000000000000e+04
1.792580000000000000e+05
1.167150000000000000e+05
1.202080000000000000e+05
2.087210000000000000e+05
9.952300000000000000e+04
7.384100000000000000e+04
3.178000000000000000e+04
8.293000000000000000e+04
1.683940000000000000e+05
1.555350000000000000e+05
2.790650000000000000e+05
2.675590000000000000e+05
2.169350000000000000e+05
2.831800000000000000e+05
2.021080000000000000e+05
3.390000000000000000e+04
9.798000000000000000e+04
9.145700000000000000e+04
8.444900000000000000e+04
9.041000000000000000e+04
1.271000000000000000e+04
9.650800000000000000e+04
3.172000000000000000e+04
1.268080000000000000e+05
8.133500000000000000e+04
2.659890000000000000e+05
1.580190000000000000e+05
1.820560000000000000e+05
2.373700000000000000e+05
2.757170000000000000e+05
1.668890000000000000e+05
2.826820000000000000e+05
1.863850000000000000e+05
2.005530000000000000e+05
1.272510000000000000e+05
1.496830000000000000e+05
1.330540000000000000e+05
2.901740000000000000e+05
1.493530000000000000e+05
1.558310000000000000e+05
2.052050000000000000e+05
1.943830000000000000e+05
2.305400000000000000e+04
2.517790000000000000e+05
9.433000000000000000e+04
2.039680000000000000e+05
1.273390000000000000e+05
2.615350000000000000e+05
1.350760000000000000e+05
2.815150000000000000e+05
2.880870000000000000e+05
9.179400000000000000e+04
1.314650000000000000e+05
1.690660000000000000e+05
1.350600000000000000e+05
1.339330000000000000e+05
2.853130000000000000e+05
4.645100000000000000e+04
9.708500000000000000e+04
2.646670000000000000e+05
4.928900000000000000e+04
2.893330000000000000e+05
4.286500000000000000e+04
2.944990000000000000e+05
1.352510000000000000e+05
1.160350000000000000e+05
7.807200000000000000e+04
3.197800000000000000e+04
4.753400000000000000e+04
2.565550000000000000e+05
1.188320000000000000e+05
5.421000000000000000e+04
2.281110000000000000e+05
6.861200000000000000e+04
2.739820000000000000e+05
3.692300000000000000e+04
2.050100000000000000e+04
1.187250000000000000e+05
2.220400000000000000e+05
1.790810000000000000e+05
4.991500000000000000e+04
1.201610000000000000e+05
2.620740000000000000e+05
1.492670000000000000e+05
2.266130000000000000e+05
1.158460000000000000e+05
4.296500000000000000e+04
1.234510000000000000e+05
9.419200000000000000e+04
3.279900000000000000e+04
2.296990000000000000e+05
1.122940000000000000e+05
7.987000000000000000e+04
3.224700000000000000e+04
6.629900000000000000e+04
2.117500000000000000e+05
2.285190000000000000e+05
5.347100000000000000e+04
6.488400000000000000e+04
2.646350000000000000e+05
5.290300000000000000e+04
1.199910000000000000e+05
1.063590000000000000e+05
2.831470000000000000e+05
1.025610000000000000e+05
8.213100000000000000e+04
2.056710000000000000e+05
1.776650000000000000e+05
2.243810000000000000e+05
2.055330000000000000e+05
1.211660000000000000e+05
1.399300000000000000e+04
1.158680000000000000e+05
9.723500000000000000e+04
1.385380000000000000e+05
3.250000000000000000e+03
1.177100000000000000e+04
2.070380000000000000e+05
1.989100000000000000e+05
1.511540000000000000e+05
1.593180000000000000e+05
5.938300000000000000e+04
2.020410000000000000e+05
1.086060000000000000e+05
1.043500000000000000e+04
1.748840000000000000e+05
9.098600000000000000e+04
2.229290000000000000e+05
1.243490000000000000e+05
1.258000000000000000e+03
1.607860000000000000e+05
1.451130000000000000e+05
2.227710000000000000e+05
2.699930000000000000e+05
4.581000000000000000e+03
2.105000000000000000e+05
2.410660000000000000e+05
1.811680000000000000e+05
1.185060000000000000e+05
1.793700000000000000e+04
4.231400000000000000e+04
2.493810000000000000e+05
1.976590000000000000e+05
1.757790000000000000e+05
1.870590000000000000e+05
1.739260000000000000e+05
2.334420000000000000e+05
2.945890000000000000e+05
4.259000000000000000e+04
2.392720000000000000e+05
1.496980000000000000e+05
1.468320000000000000e+05
7.268900000000000000e+04
6.252200000000000000e+04
5.796000000000000000e+03
1.216990000000000000e+05
2.153870000000000000e+05
2.933400000000000000e+04
2.669180000000000000e+05
6.420500000000000000e+04
2.825380000000000000e+05
4.363200000000000000e+04
2.222560000000000000e+05
2.841170000000000000e+05
9.483000000000000000e+03
2.750580000000000000e+05
6.138400000000000000e+04
2.370070000000000000e+05
1.692160000000000000e+05
1.150250000000000000e+05
1.620300000000000000e+05
4.573700000000000000e+04
1.525640000000000000e+05
5.840600000000000000e+04
1.484870000000000000e+05
1.042330000000000000e+05
1.825050000000000000e+05
5.451300000000000000e+04
1.145010000000000000e+05
2.733070000000000000e+05
2.936660000000000000e+05
1.504760000000000000e+05
5.715900000000000000e+04
1.339070000000000000e+05
5.381500000000000000e+04
1.681350000000000000e+05
1.796240000000000000e+05
1.771520000000000000e+05
9.225000000000000000e+04
2.758280000000000000e+05
2.272870000000000000e+05
1.573420000000000000e+05
5.618100000000000000e+04
5.303700000000000000e+04
2.485650000000000000e+05
8.601100000000000000e+04
4.204000000000000000e+04
2.350100000000000000e+05
8.438800000000000000e+04
8.048000000000000000e+04
1.920640000000000000e+05
9.458000000000000000e+03
1.975780000000000000e+05
2.314410000000000000e+05
9.426400000000000000e+04
3.259300000000000000e+04
4.997600000000000000e+04
1.814400000000000000e+04
2.544680000000000000e+05
2.734620000000000000e+05
2.261680000000000000e+05
6.012100000000000000e+04
2.607800000000000000e+04
2.555480000000000000e+05
5.042000000000000000e+03
1.255500000000000000e+04
1.551230000000000000e+05
2.728400000000000000e+04
2.090310000000000000e+05
3.208800000000000000e+04
2.163100000000000000e+04
1.898320000000000000e+05
1.058190000000000000e+05
2.822870000000000000e+05
1.856080000000000000e+05
5.147200000000000000e+04
1.380700000000000000e+04
7.701000000000000000e+04
7.077100000000000000e+04
1.210380000000000000e+05
1.777770000000000000e+05
7.346000000000000000e+04
6.617700000000000000e+04
2.814000000000000000e+05
1.895610000000000000e+05
1.757040000000000000e+05
2.162110000000000000e+05
4.986900000000000000e+04
8.626600000000000000e+04
7.450200000000000000e+04
2.834410000000000000e+05
2.297410000000000000e+05
2.756960000000000000e+05
2.284450000000000000e+05
2.304980000000000000e+05
9.799000000000000000e+03
1.709030000000000000e+05
7.224500000000000000e+04
7.768900000000000000e+04
2.385690000000000000e+05
1.807680000000000000e+05
2.757000000000000000e+03
1.796280000000000000e+05
7.960000000000000000e+02
7.243400000000000000e+04
1.480000000000000000e+03
9.574900000000000000e+04
2.066270000000000000e+05
3.939500000000000000e+04
2.529010000000000000e+05
5.878200000000000000e+04
2.350910000000000000e+05
1.342550000000000000e+05
1.490540000000000000e+05
2.867000000000000000e+03
1.974650000000000000e+05
2.566750000000000000e+05
1.198300000000000000e+05
1.290360000000000000e+05
2.915850000000000000e+05
1.673950000000000000e+05
1.625610000000000000e+05
2.733980000000000000e+05
1.870120000000000000e+05
2.917990000000000000e+05
5.733700000000000000e+04
1.449670000000000000e+05
6.726400000000000000e+04
4.925300000000000000e+04
6.832200000000000000e+04
4.137700000000000000e+04
1.037150000000000000e+05
7.249400000000000000e+04
2.272020000000000000e+05
2.586110000000000000e+05
1.802160000000000000e+05
2.646850000000000000e+05
7.816300000000000000e+04
1.534990000000000000e+05
2.818240000000000000e+05
2.044940000000000000e+05
1.219820000000000000e+05
6.226500000000000000e+04
2.496400000000000000e+05
2.537780000000000000e+05
1.850170000000000000e+05
1.917590000000000000e+05
4.879400000000000000e+04
1.920550000000000000e+05
2.381800000000000000e+05
2.109270000000000000e+05
1.932940000000000000e+05
1.491550000000000000e+05
9.070100000000000000e+04
2.478550000000000000e+05
2.128120000000000000e+05
1.905340000000000000e+05
2.828710000000000000e+05
1.925320000000000000e+05
2.175990000000000000e+05
2.672650000000000000e+05
6.519700000000000000e+04
1.493410000000000000e+05
1.402990000000000000e+05
3.090600000000000000e+04
2.753950000000000000e+05
2.809220000000000000e+05
2.573240000000000000e+05
1.588300000000000000e+04
1.564250000000000000e+05
6.757400000000000000e+04
2.629150000000000000e+05
2.765160000000000000e+05
7.240900000000000000e+04
8.283100000000000000e+04
1.167970000000000000e+05
1.707600000000000000e+05
1.267280000000000000e+05
1.219110000000000000e+05
2.575520000000000000e+05
7.948000000000000000e+03
5.244600000000000000e+04
1.319830000000000000e+05
9.012600000000000000e+04
2.556700000000000000e+05
3.553400000000000000e+04
1.584740000000000000e+05
1.686190000000000000e+05
1.288090000000000000e+05
9.411300000000000000e+04
1.074790000000000000e+05
3.831000000000000000e+03
2.787200000000000000e+04
1.906620000000000000e+05
2.383310000000000000e+05
2.663400000000000000e+05
7.894400000000000000e+04
2.646620000000000000e+05
8.190500000000000000e+04
3.158100000000000000e+04
2.282730000000000000e+05
1.608040000000000000e+05
2.304150000000000000e+05
1.667460000000000000e+05
2.375890000000000000e+05
2.726100000000000000e+04
4.816400000000000000e+04
3.193600000000000000e+04
2.344000000000000000e+05
7.376200000000000000e+04
2.183550000000000000e+05
1.758390000000000000e+05
1.702200000000000000e+04
1.630270000000000000e+05
2.608000000000000000e+05
1.566050000000000000e+05
1.391400000000000000e+04
2.261120000000000000e+05
1.284480000000000000e+05
2.711160000000000000e+05
1.875060000000000000e+05
1.173010000000000000e+05
1.540950000000000000e+05
2.373690000000000000e+05
7.474000000000000000e+03
1.310370000000000000e+05
2.585300000000000000e+04
2.723500000000000000e+04
1.046790000000000000e+05
1.512190000000000000e+05
8.567000000000000000e+03
2.362880000000000000e+05
1.546410000000000000e+05
5.806200000000000000e+04
1.482330000000000000e+05
1.707730000000000000e+05
6.152500000000000000e+04
2.789050000000000000e+05
2.289190000000000000e+05
1.897050000000000000e+05
1.914880000000000000e+05
1.395380000000000000e+05
2.699860000000000000e+05
2.199470000000000000e+05
2.420360000000000000e+05
2.501080000000000000e+05
2.837690000000000000e+05
2.201000000000000000e+04
1.341310000000000000e+05
2.766710000000000000e+05
1.003870000000000000e+05
5.268700000000000000e+04
1.860070000000000000e+05
2.657340000000000000e+05
4.033000000000000000e+04
1.948180000000000000e+05
1.303810000000000000e+05
2.800160000000000000e+05
7.319300000000000000e+04
7.379200000000000000e+04
1.905400000000000000e+05
7.256300000000000000e+04
2.630310000000000000e+05
1.368390000000000000e+05
6.283100000000000000e+04
2.061720000000000000e+05
1.570370000000000000e+05
2.818800000000000000e+04
2.530380000000000000e+05
2.689730000000000000e+05
2.753990000000000000e+05
3.686000000000000000e+04
8.878400000000000000e+04
1.736510000000000000e+05
4.490800000000000000e+04
1.051160000000000000e+05
2.554210000000000000e+05
7.701800000000000000e+04
2.126010000000000000e+05
5.885300000000000000e+04
2.393870000000000000e+05
1.336830000000000000e+05
2.118300000000000000e+04
2.129830000000000000e+05
1.543180000000000000e+05
1.084960000000000000e+05
4.223600000000000000e+04
1.830080000000000000e+05
2.207290000000000000e+05
1.476610000000000000e+05
1.947280000000000000e+05
1.025940000000000000e+05
2.662920000000000000e+05
1.825770000000000000e+05
2.905760000000000000e+05
2.458940000000000000e+05
1.071870000000000000e+05
8.594000000000000000e+03
1.390930000000000000e+05
1.573850000000000000e+05
1.636370000000000000e+05
2.257210000000000000e+05
8.287500000000000000e+04
1.165100000000000000e+04
4.030100000000000000e+04
1.762540000000000000e+05
1.417920000000000000e+05
1.104900000000000000e+04
2.202760000000000000e+05
1.202990000000000000e+05
4.086500000000000000e+04
2.715910000000000000e+05
2.649870000000000000e+05
1.616620000000000000e+05
1.724710000000000000e+05
2.359910000000000000e+05
3.517500000000000000e+04
3.160600000000000000e+04
1.061570000000000000e+05
1.261430000000000000e+05
2.006640000000000000e+05
6.031600000000000000e+04
1.989130000000000000e+05
7.188300000000000000e+04
2.366710000000000000e+05
7.282600000000000000e+04
2.872620000000000000e+05
5.833900000000000000e+04
8.783200000000000000e+04
1.701450000000000000e+05
7.073200000000000000e+04
1.355620000000000000e+05
5.996000000000000000e+04
2.354850000000000000e+05
2.014710000000000000e+05
1.324630000000000000e+05
2.922610000000000000e+05
1.826450000000000000e+05
2.812800000000000000e+05
2.931590000000000000e+05
1.074340000000000000e+05
2.120990000000000000e+05
3.823200000000000000e+04
6.836000000000000000e+04
6.908600000000000000e+04
7.200000000000000000e+03
3.163400000000000000e+04
2.500360000000000000e+05
3.450100000000000000e+04
3.417000000000000000e+04
2.841260000000000000e+05
2.844990000000000000e+05
2.258410000000000000e+05
4.183800000000000000e+04
2.066680000000000000e+05
3.677400000000000000e+04
1.511670000000000000e+05
1.518250000000000000e+05
4.169700000000000000e+04
2.321840000000000000e+05
2.894690000000000000e+05
7.842900000000000000e+04
9.306700000000000000e+04
1.782890000000000000e+05
8.839600000000000000e+04
2.075870000000000000e+05
2.476450000000000000e+05
1.491460000000000000e+05
1.327230000000000000e+05
9.562800000000000000e+04
1.699000000000000000e+04
7.023700000000000000e+04
1.395630000000000000e+05
2.552880000000000000e+05
1.062590000000000000e+05
2.414100000000000000e+05
1.631810000000000000e+05
3.515700000000000000e+04
1.533320000000000000e+05
2.694740000000000000e+05
1.312030000000000000e+05
5.314000000000000000e+03
2.300000000000000000e+05
2.302300000000000000e+05
2.448890000000000000e+05
2.067900000000000000e+04
2.169800000000000000e+05
1.273610000000000000e+05
7.750600000000000000e+04
1.134110000000000000e+05
1.798000000000000000e+05
7.166000000000000000e+03
2.347340000000000000e+05
1.337050000000000000e+05
2.203200000000000000e+05
1.302640000000000000e+05
4.278400000000000000e+04
1.897100000000000000e+04
9.187200000000000000e+04
1.351790000000000000e+05
1.938070000000000000e+05
2.632880000000000000e+05
2.430980000000000000e+05
2.560550000000000000e+05
2.654180000000000000e+05
2.845300000000000000e+04
2.119170000000000000e+05
7.688400000000000000e+04
2.949790000000000000e+05
2.375590000000000000e+05
1.988760000000000000e+05
4.422700000000000000e+04
2.278400000000000000e+04
6.612000000000000000e+03
2.293280000000000000e+05
1.896480000000000000e+05
1.502960000000000000e+05
2.414370000000000000e+05
3.046700000000000000e+04
1.549440000000000000e+05
2.634700000000000000e+04
9.579700000000000000e+04
1.766570000000000000e+05
2.134060000000000000e+05
9.903400000000000000e+04
1.690960000000000000e+05
2.745660000000000000e+05
2.275440000000000000e+05
1.536470000000000000e+05
5.186600000000000000e+04
1.798490000000000000e+05
6.876200000000000000e+04
2.809920000000000000e+05
1.878610000000000000e+05
1.609100000000000000e+04
8.171000000000000000e+04
6.550600000000000000e+04
3.190800000000000000e+04
4.319800000000000000e+04
1.612320000000000000e+05
2.854830000000000000e+05
2.597260000000000000e+05
1.551030000000000000e+05
2.302940000000000000e+05
1.830000000000000000e+05
1.799370000000000000e+05
1.176390000000000000e+05
4.448900000000000000e+04
1.703190000000000000e+05
6.571500000000000000e+04
2.299900000000000000e+05
1.237520000000000000e+05
2.974000000000000000e+04
6.263100000000000000e+04
1.289060000000000000e+05
1.947440000000000000e+05
1.417090000000000000e+05
1.062640000000000000e+05
1.369440000000000000e+05
2.330040000000000000e+05
1.477440000000000000e+05
7.339200000000000000e+04
7.939800000000000000e+04
2.063990000000000000e+05
1.531670000000000000e+05
2.954080000000000000e+05
7.747600000000000000e+04
1.071740000000000000e+05
2.880100000000000000e+04
6.790000000000000000e+03
2.799000000000000000e+04
1.646080000000000000e+05
1.157190000000000000e+05
7.295400000000000000e+04
1.320540000000000000e+05
1.724890000000000000e+05
1.060900000000000000e+04
1.023440000000000000e+05
2.186370000000000000e+05
1.062830000000000000e+05
2.800800000000000000e+05
2.719600000000000000e+04
1.169600000000000000e+04
2.478560000000000000e+05
2.044860000000000000e+05
1.647700000000000000e+04
8.365700000000000000e+04
8.432800000000000000e+04
1.668740000000000000e+05
5.881500000000000000e+04
1.370100000000000000e+05
1.773800000000000000e+04
8.907700000000000000e+04
1.796810000000000000e+05
2.499980000000000000e+05
2.574400000000000000e+04
2.407190000000000000e+05
2.075670000000000000e+05
4.476100000000000000e+04
3.808600000000000000e+04
1.445800000000000000e+05
2.230630000000000000e+05
2.675200000000000000e+04
9.709900000000000000e+04
2.142240000000000000e+05
2.258520000000000000e+05
2.305510000000000000e+05
1.824420000000000000e+05
2.240550000000000000e+05
1.927530000000000000e+05
2.515190000000000000e+05
1.692600000000000000e+05
2.236800000000000000e+04
4.177900000000000000e+04
1.580510000000000000e+05
7.348200000000000000e+04
1.146720000000000000e+05
2.647120000000000000e+05
1.196830000000000000e+05
2.126630000000000000e+05
5.570100000000000000e+04
9.352000000000000000e+03
2.805410000000000000e+05
2.610770000000000000e+05
1.528560000000000000e+05
6.571400000000000000e+04
2.456680000000000000e+05
8.047000000000000000e+03
2.694660000000000000e+05
2.019910000000000000e+05
2.763060000000000000e+05
1.795760000000000000e+05
6.499000000000000000e+04
1.185940000000000000e+05
1.300140000000000000e+05
2.295240000000000000e+05
2.284810000000000000e+05
2.674680000000000000e+05
1.490060000000000000e+05
6.566900000000000000e+04
2.481650000000000000e+05
2.556110000000000000e+05
2.716010000000000000e+05
9.067100000000000000e+04
8.989100000000000000e+04
9.357600000000000000e+04
5.697700000000000000e+04
2.241090000000000000e+05
1.233270000000000000e+05
2.739330000000000000e+05
2.210300000000000000e+04
1.249940000000000000e+05
2.199680000000000000e+05
8.251400000000000000e+04
2.044100000000000000e+04
1.213250000000000000e+05
2.374790000000000000e+05
8.414800000000000000e+04
1.583100000000000000e+04
2.618090000000000000e+05
1.819580000000000000e+05
1.874700000000000000e+04
1.670960000000000000e+05
9.595800000000000000e+04
7.382900000000000000e+04
2.651300000000000000e+05
2.365080000000000000e+05
1.238000000000000000e+03
1.429420000000000000e+05
6.607200000000000000e+04
4.290500000000000000e+04
5.770900000000000000e+04
1.536890000000000000e+05
1.476080000000000000e+05
5.892000000000000000e+04
1.423100000000000000e+05
2.805950000000000000e+05
5.820800000000000000e+04
1.870350000000000000e+05
2.355910000000000000e+05
2.705280000000000000e+05
4.590200000000000000e+04
2.358470000000000000e+05
2.279440000000000000e+05
6.967000000000000000e+04
2.487000000000000000e+05
2.061680000000000000e+05
1.286630000000000000e+05
1.453440000000000000e+05
1.477220000000000000e+05
1.737970000000000000e+05
7.684700000000000000e+04
1.843700000000000000e+04
4.611700000000000000e+04
2.240610000000000000e+05
2.350220000000000000e+05
4.339500000000000000e+04
1.117550000000000000e+05
2.565580000000000000e+05
1.904400000000000000e+05
1.723330000000000000e+05
8.506500000000000000e+04
5.779800000000000000e+04
1.294900000000000000e+05
1.427110000000000000e+05
1.268820000000000000e+05
4.177700000000000000e+04
2.557940000000000000e+05
2.830570000000000000e+05
1.304030000000000000e+05
2.909200000000000000e+04
2.616000000000000000e+03
2.371700000000000000e+05
2.604790000000000000e+05
2.180720000000000000e+05
1.624090000000000000e+05
1.912250000000000000e+05
6.195500000000000000e+04
1.460030000000000000e+05
2.333180000000000000e+05
1.580860000000000000e+05
1.810000000000000000e+05
5.236100000000000000e+04
1.024000000000000000e+05
9.609300000000000000e+04
2.522350000000000000e+05
6.233200000000000000e+04
9.425000000000000000e+03
7.243000000000000000e+04
2.708190000000000000e+05
1.547000000000000000e+03
2.799060000000000000e+05
4.388200000000000000e+04
2.872150000000000000e+05
2.898790000000000000e+05
1.379440000000000000e+05
4.797300000000000000e+04
2.569140000000000000e+05
1.684950000000000000e+05
1.017800000000000000e+05
1.071270000000000000e+05
1.155510000000000000e+05
1.686430000000000000e+05
7.128200000000000000e+04
6.340100000000000000e+04
6.937400000000000000e+04
2.426300000000000000e+05
1.937140000000000000e+05
9.613700000000000000e+04
2.932680000000000000e+05
1.800920000000000000e+05
1.457130000000000000e+05
1.507210000000000000e+05
1.515630000000000000e+05
1.883210000000000000e+05
1.438030000000000000e+05
6.242100000000000000e+04
7.211900000000000000e+04
1.591230000000000000e+05
2.643530000000000000e+05
1.109130000000000000e+05
1.110800000000000000e+05
1.495320000000000000e+05
3.254100000000000000e+04
1.697270000000000000e+05
1.336640000000000000e+05
2.030930000000000000e+05
1.816060000000000000e+05
2.495300000000000000e+05
3.658100000000000000e+04
2.075240000000000000e+05
2.365160000000000000e+05
3.254300000000000000e+04
2.183180000000000000e+05
3.803200000000000000e+04
1.626310000000000000e+05
4.211200000000000000e+04
3.255700000000000000e+04
2.058700000000000000e+05
2.193030000000000000e+05
2.227570000000000000e+05
1.789830000000000000e+05
1.963190000000000000e+05
2.939100000000000000e+04
2.065540000000000000e+05
2.717610000000000000e+05
4.373100000000000000e+04
1.762060000000000000e+05
1.071480000000000000e+05
1.666870000000000000e+05
1.254160000000000000e+05
2.068300000000000000e+05
3.511000000000000000e+04
2.005510000000000000e+05
8.058900000000000000e+04
1.686760000000000000e+05
1.165040000000000000e+05
2.884510000000000000e+05
5.441600000000000000e+04
9.242000000000000000e+04
1.455920000000000000e+05
2.596420000000000000e+05
2.340350000000000000e+05
2.773640000000000000e+05
9.040000000000000000e+04
2.432080000000000000e+05
2.547670000000000000e+05
1.931910000000000000e+05
1.981000000000000000e+03
1.232220000000000000e+05
6.751600000000000000e+04
2.081240000000000000e+05
2.159540000000000000e+05
2.199430000000000000e+05
2.241800000000000000e+05
4.004100000000000000e+04
2.634460000000000000e+05
2.011410000000000000e+05
1.591400000000000000e+05
2.099550000000000000e+05
2.404390000000000000e+05
2.363230000000000000e+05
3.797700000000000000e+04
1.542540000000000000e+05
1.284570000000000000e+05
1.209650000000000000e+05
2.772590000000000000e+05
2.105150000000000000e+05
4.819900000000000000e+04
2.246350000000000000e+05
2.895710000000000000e+05
1.207920000000000000e+05
1.025000000000000000e+03
1.946370000000000000e+05
1.496900000000000000e+04
2.927140000000000000e+05
1.003810000000000000e+05
1.860990000000000000e+05
1.651100000000000000e+04
6.961300000000000000e+04
1.750000000000000000e+05
1.025210000000000000e+05
2.545940000000000000e+05
1.813290000000000000e+05
1.483630000000000000e+05
8.820000000000000000e+02
2.145520000000000000e+05
1.018280000000000000e+05
2.014010000000000000e+05
6.866200000000000000e+04
4.009300000000000000e+04
7.628300000000000000e+04
1.112730000000000000e+05
1.192140000000000000e+05
1.783630000000000000e+05
9.044000000000000000e+04
3.523300000000000000e+04
8.918100000000000000e+04
2.125940000000000000e+05
1.651670000000000000e+05
1.842150000000000000e+05
2.274850000000000000e+05
1.132260000000000000e+05
1.546510000000000000e+05
2.122260000000000000e+05
2.305500000000000000e+05
2.860540000000000000e+05
1.870800000000000000e+04
4.960900000000000000e+04
1.893660000000000000e+05
1.311850000000000000e+05
1.272490000000000000e+05
7.783600000000000000e+04
1.456190000000000000e+05
1.347130000000000000e+05
1.925100000000000000e+05
1.397460000000000000e+05
6.580900000000000000e+04
2.645200000000000000e+05
2.857300000000000000e+04
1.489420000000000000e+05
1.391860000000000000e+05
2.015430000000000000e+05
6.364400000000000000e+04
7.168500000000000000e+04
1.364040000000000000e+05
9.231500000000000000e+04
1.348130000000000000e+05
2.526440000000000000e+05
2.863400000000000000e+04
1.375900000000000000e+04
2.780000000000000000e+05
2.059780000000000000e+05
4.397100000000000000e+04
2.139420000000000000e+05
3.585300000000000000e+04
1.148820000000000000e+05
9.178900000000000000e+04
1.550810000000000000e+05
3.092700000000000000e+04
2.029210000000000000e+05
2.568700000000000000e+05
2.191200000000000000e+05
2.106860000000000000e+05
2.462190000000000000e+05
2.728160000000000000e+05
2.447380000000000000e+05
2.460790000000000000e+05
1.863900000000000000e+05
1.223350000000000000e+05
7.385700000000000000e+04
1.398140000000000000e+05
2.114670000000000000e+05
4.088200000000000000e+04
5.025800000000000000e+04
2.586310000000000000e+05
1.172790000000000000e+05
2.667620000000000000e+05
8.336200000000000000e+04
2.679430000000000000e+05
2.158350000000000000e+05
2.554490000000000000e+05
1.721930000000000000e+05
2.512380000000000000e+05
5.116800000000000000e+04
2.720290000000000000e+05
1.142970000000000000e+05
8.579300000000000000e+04
9.883300000000000000e+04
2.347690000000000000e+05
2.210610000000000000e+05
1.904320000000000000e+05
4.150700000000000000e+04
6.553100000000000000e+04
5.812400000000000000e+04
6.096400000000000000e+04
7.264400000000000000e+04
1.272330000000000000e+05
1.868310000000000000e+05
1.341160000000000000e+05
4.655100000000000000e+04
1.211500000000000000e+04
2.198870000000000000e+05
1.739920000000000000e+05
6.034600000000000000e+04
2.780290000000000000e+05
2.087540000000000000e+05
2.382640000000000000e+05
1.977000000000000000e+04
2.832200000000000000e+05
8.394900000000000000e+04
1.554190000000000000e+05
2.235620000000000000e+05
1.158850000000000000e+05
2.890820000000000000e+05
1.789600000000000000e+04
2.350360000000000000e+05
1.996500000000000000e+05
2.602380000000000000e+05
1.523190000000000000e+05
9.596600000000000000e+04
3.352000000000000000e+03
1.156770000000000000e+05
2.448110000000000000e+05
1.706150000000000000e+05
2.799630000000000000e+05
2.239550000000000000e+05
2.893940000000000000e+05
1.121790000000000000e+05
2.776920000000000000e+05
1.631410000000000000e+05
7.986300000000000000e+04
1.269540000000000000e+05
2.489880000000000000e+05
2.884400000000000000e+04
1.492400000000000000e+04
1.999200000000000000e+04
2.570410000000000000e+05
1.624580000000000000e+05
1.344550000000000000e+05
6.136000000000000000e+04
2.103780000000000000e+05
6.466300000000000000e+04
1.998730000000000000e+05
1.232080000000000000e+05
6.325000000000000000e+03
2.935500000000000000e+04
4.970400000000000000e+04
2.410080000000000000e+05
1.868130000000000000e+05
2.721300000000000000e+05
1.626030000000000000e+05
1.912180000000000000e+05
1.767280000000000000e+05
2.653180000000000000e+05
2.865210000000000000e+05
1.489160000000000000e+05
2.592650000000000000e+05
2.685060000000000000e+05
1.352020000000000000e+05
2.696920000000000000e+05
1.951760000000000000e+05
1.015220000000000000e+05
2.029170000000000000e+05
4.194600000000000000e+04
7.886800000000000000e+04
2.018240000000000000e+05
8.155000000000000000e+04
2.287000000000000000e+04
7.883500000000000000e+04
2.747860000000000000e+05
2.016220000000000000e+05
1.965810000000000000e+05
1.071290000000000000e+05
8.646600000000000000e+04
5.713600000000000000e+04
1.885570000000000000e+05
4.440000000000000000e+02
1.231640000000000000e+05
1.984910000000000000e+05
7.509400000000000000e+04
9.174700000000000000e+04
1.003540000000000000e+05
1.377240000000000000e+05
1.635260000000000000e+05
6.509200000000000000e+04
2.623550000000000000e+05
5.182500000000000000e+04
2.010900000000000000e+04
7.204400000000000000e+04
2.838860000000000000e+05
4.520000000000000000e+03
1.686610000000000000e+05
1.578190000000000000e+05
7.822800000000000000e+04
3.555500000000000000e+04
1.717280000000000000e+05
2.703100000000000000e+04
2.444020000000000000e+05
2.270540000000000000e+05
1.528790000000000000e+05
7.055100000000000000e+04
1.668510000000000000e+05
6.925000000000000000e+03
1.048810000000000000e+05
2.235320000000000000e+05
2.101730000000000000e+05
2.723560000000000000e+05
8.384900000000000000e+04
1.226970000000000000e+05
5.424000000000000000e+03
1.545400000000000000e+04
2.426090000000000000e+05
6.103000000000000000e+04
2.540980000000000000e+05
2.342400000000000000e+05
1.815260000000000000e+05
5.611700000000000000e+04
6.070000000000000000e+03
2.541520000000000000e+05
2.680400000000000000e+05
8.145000000000000000e+03
2.799550000000000000e+05
2.065520000000000000e+05
1.668000000000000000e+05
1.623710000000000000e+05
1.434370000000000000e+05
7.889400000000000000e+04
3.855300000000000000e+04
2.007200000000000000e+05
1.603910000000000000e+05
2.584080000000000000e+05
1.509370000000000000e+05
2.313190000000000000e+05
2.449250000000000000e+05
4.993000000000000000e+03
1.842420000000000000e+05
2.259900000000000000e+04
1.760100000000000000e+05
2.272000000000000000e+04
1.963300000000000000e+04
7.364000000000000000e+03
2.937180000000000000e+05
7.460000000000000000e+04
5.718800000000000000e+04
1.172550000000000000e+05
1.684360000000000000e+05
2.948650000000000000e+05
7.949000000000000000e+04
2.375600000000000000e+05
2.706620000000000000e+05
1.775820000000000000e+05
1.648360000000000000e+05
1.549450000000000000e+05
2.507350000000000000e+05
3.636700000000000000e+04
6.503600000000000000e+04
1.544410000000000000e+05
1.888450000000000000e+05
1.459510000000000000e+05
5.793200000000000000e+04
1.727910000000000000e+05
1.311050000000000000e+05
2.218330000000000000e+05
1.180310000000000000e+05
7.247500000000000000e+04
1.875900000000000000e+04
1.415220000000000000e+05
1.508580000000000000e+05
9.598700000000000000e+04
1.493120000000000000e+05
2.316120000000000000e+05
2.429110000000000000e+05
5.188900000000000000e+04
9.698800000000000000e+04
2.343670000000000000e+05
1.042080000000000000e+05
1.676790000000000000e+05
2.884600000000000000e+04
7.886000000000000000e+04
2.012580000000000000e+05
2.405400000000000000e+05
1.965770000000000000e+05
3.866800000000000000e+04
1.046990000000000000e+05
2.870850000000000000e+05
8.618800000000000000e+04
1.768210000000000000e+05
2.923760000000000000e+05
2.129000000000000000e+05
7.862500000000000000e+04
1.738370000000000000e+05
4.334600000000000000e+04
1.061890000000000000e+05
9.417700000000000000e+04
2.560100000000000000e+04
1.720360000000000000e+05
1.172960000000000000e+05
1.066830000000000000e+05
2.945130000000000000e+05
1.507400000000000000e+04
2.700320000000000000e+05
8.138400000000000000e+04
3.665000000000000000e+04
2.576840000000000000e+05
6.864500000000000000e+04
2.533440000000000000e+05
1.648230000000000000e+05
1.002880000000000000e+05
3.283500000000000000e+04
2.066000000000000000e+04
2.303900000000000000e+04
1.477870000000000000e+05
7.698400000000000000e+04
7.405800000000000000e+04
5.820000000000000000e+04
2.553980000000000000e+05
1.078570000000000000e+05
1.712290000000000000e+05
1.088300000000000000e+04
6.561500000000000000e+04
1.045160000000000000e+05
6.281300000000000000e+04
9.977800000000000000e+04
2.529580000000000000e+05
5.227800000000000000e+04
2.614460000000000000e+05
4.001500000000000000e+04
1.348450000000000000e+05
2.349670000000000000e+05
1.266110000000000000e+05
6.787600000000000000e+04
2.208660000000000000e+05
2.670400000000000000e+05
2.197280000000000000e+05
5.278800000000000000e+04
4.163400000000000000e+04
2.611460000000000000e+05
1.350810000000000000e+05
8.713800000000000000e+04
2.612230000000000000e+05
2.215600000000000000e+04
8.781100000000000000e+04
1.001830000000000000e+05
1.251240000000000000e+05
1.728250000000000000e+05
2.421120000000000000e+05
9.297500000000000000e+04
2.648080000000000000e+05
1.965450000000000000e+05
2.539550000000000000e+05
4.120500000000000000e+04
9.605800000000000000e+04
2.645750000000000000e+05
1.880100000000000000e+04
7.323900000000000000e+04
6.670800000000000000e+04
1.389940000000000000e+05
8.063000000000000000e+03
2.430110000000000000e+05
1.055590000000000000e+05
2.306590000000000000e+05
2.628000000000000000e+03
1.509300000000000000e+05
4.725100000000000000e+04
1.977630000000000000e+05
5.525500000000000000e+04
3.792500000000000000e+04
1.393110000000000000e+05
1.831520000000000000e+05
2.388770000000000000e+05
1.063110000000000000e+05
1.986710000000000000e+05
2.626610000000000000e+05
3.762500000000000000e+04
4.398000000000000000e+04
2.463100000000000000e+05
1.583460000000000000e+05
2.674890000000000000e+05
5.280700000000000000e+04
2.019200000000000000e+05
2.524560000000000000e+05
2.934270000000000000e+05
2.625490000000000000e+05
7.350000000000000000e+03
5.709500000000000000e+04
2.494120000000000000e+05
1.119590000000000000e+05
2.573490000000000000e+05
2.334500000000000000e+04
7.066500000000000000e+04
1.123200000000000000e+04
3.176700000000000000e+04
2.696440000000000000e+05
2.692940000000000000e+05
2.420410000000000000e+05
1.261910000000000000e+05
5.403000000000000000e+03
2.432900000000000000e+04
9.954400000000000000e+04
1.132270000000000000e+05
2.401840000000000000e+05
1.593600000000000000e+05
2.299000000000000000e+03
2.509550000000000000e+05
1.379100000000000000e+05
2.129160000000000000e+05
2.772620000000000000e+05
9.487500000000000000e+04
5.134000000000000000e+03
2.458420000000000000e+05
1.058860000000000000e+05
7.827100000000000000e+04
2.919850000000000000e+05
2.480550000000000000e+05
1.283350000000000000e+05
1.669280000000000000e+05
2.627790000000000000e+05
9.749500000000000000e+04
2.024590000000000000e+05
1.439190000000000000e+05
2.233960000000000000e+05
3.758700000000000000e+04
2.355550000000000000e+05
2.714000000000000000e+04
1.175500000000000000e+05
2.155660000000000000e+05
9.230000000000000000e+04
2.829900000000000000e+05
2.194390000000000000e+05
8.408000000000000000e+04
2.304640000000000000e+05
8.520000000000000000e+02
1.096380000000000000e+05
2.760580000000000000e+05
2.785350000000000000e+05
1.971780000000000000e+05
3.913600000000000000e+04
3.899000000000000000e+04
5.454700000000000000e+04
2.217000000000000000e+03
4.834400000000000000e+04
1.104230000000000000e+05
1.880660000000000000e+05
2.742610000000000000e+05
1.254440000000000000e+05
2.061600000000000000e+04
1.688870000000000000e+05
1.826900000000000000e+05
1.537400000000000000e+05
1.273360000000000000e+05
1.106990000000000000e+05
1.372430000000000000e+05
1.347070000000000000e+05
1.218350000000000000e+05
2.170490000000000000e+05
1.361690000000000000e+05
3.076400000000000000e+04
9.689100000000000000e+04
7.571000000000000000e+03
2.161320000000000000e+05
1.666560000000000000e+05
1.553150000000000000e+05
2.488230000000000000e+05
9.796200000000000000e+04
8.918800000000000000e+04
1.806400000000000000e+04
1.284850000000000000e+05
1.913670000000000000e+05
3.031200000000000000e+04
1.459910000000000000e+05
5.821300000000000000e+04
1.490000000000000000e+05
7.870000000000000000e+03
1.927700000000000000e+04
2.924520000000000000e+05
2.086380000000000000e+05
9.944900000000000000e+04
2.185400000000000000e+04
2.241280000000000000e+05
1.537520000000000000e+05
2.312700000000000000e+05
3.260400000000000000e+04
2.123050000000000000e+05
5.695700000000000000e+04
9.102000000000000000e+03
7.487100000000000000e+04
3.975500000000000000e+04
2.188570000000000000e+05
1.940180000000000000e+05
1.516000000000000000e+04
1.250330000000000000e+05
3.281900000000000000e+04
8.826600000000000000e+04
1.008350000000000000e+05
1.639640000000000000e+05
1.998000000000000000e+05
1.563190000000000000e+05
7.529400000000000000e+04
1.013900000000000000e+04
3.549100000000000000e+04
9.133300000000000000e+04
5.555100000000000000e+04
2.386020000000000000e+05
2.171820000000000000e+05
1.745130000000000000e+05
2.986200000000000000e+04
2.671570000000000000e+05
1.527000000000000000e+04
2.386560000000000000e+05
2.356710000000000000e+05
2.930700000000000000e+04
1.657720000000000000e+05
5.538200000000000000e+04
1.517560000000000000e+05
8.440900000000000000e+04
3.016700000000000000e+04
8.991200000000000000e+04
1.821010000000000000e+05
2.354340000000000000e+05
1.755030000000000000e+05
2.767620000000000000e+05
1.759790000000000000e+05
1.669440000000000000e+05
8.099200000000000000e+04
1.171810000000000000e+05
2.446400000000000000e+04
2.766860000000000000e+05
5.406000000000000000e+03
2.786930000000000000e+05
7.120400000000000000e+04
2.113980000000000000e+05
2.710030000000000000e+05
1.326950000000000000e+05
2.328010000000000000e+05
9.210000000000000000e+02
5.469000000000000000e+03
1.332960000000000000e+05
2.782250000000000000e+05
1.203360000000000000e+05
9.823100000000000000e+04
2.663510000000000000e+05
1.788280000000000000e+05
9.897000000000000000e+03
1.048150000000000000e+05
1.273400000000000000e+05
2.701650000000000000e+05
8.700800000000000000e+04
6.016800000000000000e+04
4.511600000000000000e+04
2.074760000000000000e+05
2.947570000000000000e+05
2.061510000000000000e+05
1.430670000000000000e+05
2.192370000000000000e+05
3.352500000000000000e+04
2.014310000000000000e+05
1.251740000000000000e+05
7.161700000000000000e+04
2.033240000000000000e+05
1.034010000000000000e+05
7.409700000000000000e+04
2.903350000000000000e+05
2.814430000000000000e+05
1.157180000000000000e+05
1.392370000000000000e+05
9.478400000000000000e+04
6.434500000000000000e+04
5.784100000000000000e+04
7.502700000000000000e+04
1.764320000000000000e+05
2.015040000000000000e+05
3.532500000000000000e+04
1.555330000000000000e+05
1.998000000000000000e+04
2.738590000000000000e+05
2.043930000000000000e+05
1.068510000000000000e+05
9.611700000000000000e+04
2.250150000000000000e+05
1.320880000000000000e+05
6.310100000000000000e+04
1.029050000000000000e+05
1.190320000000000000e+05
7.935300000000000000e+04
3.266000000000000000e+04
6.672900000000000000e+04
1.768500000000000000e+05
2.167880000000000000e+05
1.742980000000000000e+05
9.780200000000000000e+04
1.633660000000000000e+05
2.565330000000000000e+05
1.958790000000000000e+05
1.448420000000000000e+05
1.328900000000000000e+05
8.930300000000000000e+04
1.031440000000000000e+05
2.154020000000000000e+05
1.543440000000000000e+05
2.185700000000000000e+04
7.316000000000000000e+03
1.344800000000000000e+05
1.904430000000000000e+05
9.635200000000000000e+04
2.012800000000000000e+04
5.625900000000000000e+04
2.465200000000000000e+05
9.075700000000000000e+04
1.327390000000000000e+05
2.695210000000000000e+05
2.624940000000000000e+05
2.892800000000000000e+04
2.342100000000000000e+04
1.621030000000000000e+05
2.704400000000000000e+04
1.693670000000000000e+05
3.057700000000000000e+04
1.252900000000000000e+05
2.450000000000000000e+04
6.830300000000000000e+04
5.341900000000000000e+04
1.724610000000000000e+05
1.131340000000000000e+05
1.595000000000000000e+04
2.192540000000000000e+05
6.420700000000000000e+04
2.388700000000000000e+05
1.796670000000000000e+05
2.657410000000000000e+05
1.414040000000000000e+05
2.117590000000000000e+05
1.582740000000000000e+05
2.549530000000000000e+05
2.259600000000000000e+04
8.709100000000000000e+04
8.299200000000000000e+04
1.854590000000000000e+05
2.912320000000000000e+05
1.970500000000000000e+04
9.888500000000000000e+04
1.845150000000000000e+05
1.028220000000000000e+05
1.801720000000000000e+05
4.532400000000000000e+04
1.829000000000000000e+05
2.180800000000000000e+05
7.130800000000000000e+04
2.093670000000000000e+05
