1.000000000000000000e+00
1.180000000000000000e+02
4.570000000000000000e+02
4.930000000000000000e+02
8.960000000000000000e+02
1.697000000000000000e+03
2.142000000000000000e+03
3.032000000000000000e+03
3.477000000000000000e+03
3.922000000000000000e+03
4.812000000000000000e+03
5.417000000000000000e+03
5.801000000000000000e+03
5.835000000000000000e+03
6.244000000000000000e+03
6.253000000000000000e+03
6.715000000000000000e+03
7.001000000000000000e+03
7.149000000000000000e+03
7.174000000000000000e+03
7.827000000000000000e+03
7.866000000000000000e+03
7.934000000000000000e+03
7.935000000000000000e+03
7.937000000000000000e+03
7.995000000000000000e+03
7.996000000000000000e+03
7.997000000000000000e+03
8.074000000000000000e+03
8.175000000000000000e+03
8.388000000000000000e+03
8.701000000000000000e+03
8.906000000000000000e+03
9.346000000000000000e+03
9.362000000000000000e+03
9.705000000000000000e+03
1.004200000000000000e+04
1.025100000000000000e+04
1.028500000000000000e+04
1.068100000000000000e+04
1.133800000000000000e+04
1.133900000000000000e+04
1.155100000000000000e+04
1.164000000000000000e+04
1.164100000000000000e+04
1.166900000000000000e+04
1.168100000000000000e+04
1.170100000000000000e+04
1.171200000000000000e+04
1.175700000000000000e+04
1.180800000000000000e+04
1.181400000000000000e+04
1.184400000000000000e+04
1.184600000000000000e+04
1.187400000000000000e+04
1.187500000000000000e+04
1.187600000000000000e+04
1.188700000000000000e+04
1.192300000000000000e+04
1.193800000000000000e+04
1.194100000000000000e+04
1.205600000000000000e+04
1.208400000000000000e+04
1.211600000000000000e+04
1.212000000000000000e+04
1.212300000000000000e+04
1.213200000000000000e+04
1.215700000000000000e+04
1.216400000000000000e+04
1.217900000000000000e+04
1.224800000000000000e+04
1.239300000000000000e+04
1.246100000000000000e+04
1.323400000000000000e+04
1.346100000000000000e+04
1.349200000000000000e+04
1.385900000000000000e+04
1.396000000000000000e+04
1.417300000000000000e+04
1.449200000000000000e+04
1.471400000000000000e+04
1.473900000000000000e+04
1.513100000000000000e+04
1.557600000000000000e+04
1.603600000000000000e+04
1.607000000000000000e+04
1.649400000000000000e+04
1.651900000000000000e+04
1.697500000000000000e+04
1.700300000000000000e+04
1.704900000000000000e+04
1.705000000000000000e+04
1.705800000000000000e+04
1.709000000000000000e+04
1.709200000000000000e+04
1.715300000000000000e+04
1.733700000000000000e+04
1.738400000000000000e+04
1.740900000000000000e+04
1.780100000000000000e+04
1.829500000000000000e+04
1.850000000000000000e+04
1.893600000000000000e+04
1.913600000000000000e+04
1.969800000000000000e+04
2.002600000000000000e+04
2.070000000000000000e+04
2.073100000000000000e+04
2.076400000000000000e+04
2.090500000000000000e+04
2.116100000000000000e+04
2.137600000000000000e+04
2.182100000000000000e+04
2.185500000000000000e+04
2.225100000000000000e+04
2.269600000000000000e+04
2.314100000000000000e+04
2.369600000000000000e+04
2.371600000000000000e+04
2.372700000000000000e+04
2.403100000000000000e+04
2.450400000000000000e+04
2.452900000000000000e+04
2.513300000000000000e+04
2.534600000000000000e+04
2.561100000000000000e+04
2.569900000000000000e+04
2.607200000000000000e+04
2.625600000000000000e+04
2.689700000000000000e+04
2.689900000000000000e+04
2.750500000000000000e+04
2.761900000000000000e+04
2.764400000000000000e+04
2.814600000000000000e+04
2.816600000000000000e+04
2.817700000000000000e+04
2.850900000000000000e+04
2.853400000000000000e+04
2.893700000000000000e+04
2.939000000000000000e+04
3.012800000000000000e+04
3.057300000000000000e+04
3.201100000000000000e+04
3.277000000000000000e+04
3.285100000000000000e+04
3.287700000000000000e+04
3.319200000000000000e+04
3.323100000000000000e+04
3.329900000000000000e+04
3.330000000000000000e+04
3.330200000000000000e+04
3.336000000000000000e+04
3.336100000000000000e+04
3.336200000000000000e+04
3.363700000000000000e+04
3.384900000000000000e+04
3.387400000000000000e+04
3.431500000000000000e+04
3.452000000000000000e+04
3.487700000000000000e+04
3.553300000000000000e+04
3.566400000000000000e+04
3.566900000000000000e+04
3.570100000000000000e+04
3.570500000000000000e+04
3.574900000000000000e+04
3.576300000000000000e+04
3.576400000000000000e+04
3.582000000000000000e+04
3.583300000000000000e+04
3.586000000000000000e+04
3.593900000000000000e+04
3.597800000000000000e+04
3.601100000000000000e+04
3.601200000000000000e+04
3.601300000000000000e+04
3.608600000000000000e+04
3.611400000000000000e+04
3.612300000000000000e+04
3.614600000000000000e+04
3.615000000000000000e+04
3.615300000000000000e+04
3.616200000000000000e+04
3.616700000000000000e+04
3.618700000000000000e+04
3.619400000000000000e+04
3.620400000000000000e+04
3.620900000000000000e+04
3.624100000000000000e+04
3.626300000000000000e+04
3.626500000000000000e+04
3.627800000000000000e+04
3.630500000000000000e+04
3.638400000000000000e+04
3.642300000000000000e+04
3.645700000000000000e+04
3.645800000000000000e+04
3.653100000000000000e+04
3.655900000000000000e+04
3.659100000000000000e+04
3.659500000000000000e+04
3.659800000000000000e+04
3.660700000000000000e+04
3.663200000000000000e+04
3.663900000000000000e+04
3.670800000000000000e+04
3.671000000000000000e+04
3.672300000000000000e+04
3.675000000000000000e+04
3.686800000000000000e+04
3.690100000000000000e+04
3.690200000000000000e+04
3.690300000000000000e+04
3.697600000000000000e+04
3.700400000000000000e+04
3.703600000000000000e+04
3.704000000000000000e+04
3.704300000000000000e+04
3.705200000000000000e+04
3.707700000000000000e+04
3.708400000000000000e+04
3.709900000000000000e+04
3.715300000000000000e+04
3.715500000000000000e+04
3.719500000000000000e+04
3.727400000000000000e+04
3.734700000000000000e+04
3.734800000000000000e+04
3.742100000000000000e+04
3.744900000000000000e+04
3.748100000000000000e+04
3.748500000000000000e+04
3.748800000000000000e+04
3.749700000000000000e+04
3.752900000000000000e+04
3.754400000000000000e+04
3.757600000000000000e+04
3.759800000000000000e+04
3.761300000000000000e+04
3.764000000000000000e+04
3.771900000000000000e+04
3.775300000000000000e+04
3.775800000000000000e+04
3.779200000000000000e+04
3.789400000000000000e+04
3.792600000000000000e+04
3.793000000000000000e+04
3.793300000000000000e+04
3.794200000000000000e+04
3.796700000000000000e+04
3.797400000000000000e+04
3.804300000000000000e+04
3.804500000000000000e+04
3.805800000000000000e+04
3.808500000000000000e+04
3.816400000000000000e+04
3.820300000000000000e+04
3.823600000000000000e+04
3.823700000000000000e+04
3.823800000000000000e+04
3.833900000000000000e+04
3.837100000000000000e+04
3.837500000000000000e+04
3.837800000000000000e+04
3.838700000000000000e+04
3.841200000000000000e+04
3.841900000000000000e+04
3.843400000000000000e+04
3.848800000000000000e+04
3.849000000000000000e+04
3.850300000000000000e+04
3.853000000000000000e+04
3.864800000000000000e+04
3.868100000000000000e+04
3.868200000000000000e+04
3.868300000000000000e+04
3.875600000000000000e+04
3.878400000000000000e+04
3.881600000000000000e+04
3.882000000000000000e+04
3.883200000000000000e+04
3.885700000000000000e+04
3.886400000000000000e+04
3.887900000000000000e+04
3.893300000000000000e+04
3.893500000000000000e+04
3.894800000000000000e+04
3.897500000000000000e+04
3.905400000000000000e+04
3.909300000000000000e+04
3.912600000000000000e+04
3.912700000000000000e+04
3.912800000000000000e+04
3.920100000000000000e+04
3.922900000000000000e+04
3.923800000000000000e+04
3.924000000000000000e+04
3.924600000000000000e+04
3.926100000000000000e+04
3.926500000000000000e+04
3.926800000000000000e+04
3.927000000000000000e+04
3.927700000000000000e+04
3.929500000000000000e+04
3.930200000000000000e+04
3.930400000000000000e+04
3.930600000000000000e+04
3.930900000000000000e+04
3.932400000000000000e+04
3.936600000000000000e+04
3.937800000000000000e+04
3.939300000000000000e+04
3.942000000000000000e+04
3.949900000000000000e+04
3.953800000000000000e+04
3.957100000000000000e+04
3.957200000000000000e+04
3.964600000000000000e+04
3.967400000000000000e+04
3.967900000000000000e+04
3.970600000000000000e+04
3.971000000000000000e+04
3.971300000000000000e+04
3.972200000000000000e+04
3.974700000000000000e+04
3.975400000000000000e+04
3.976900000000000000e+04
3.977400000000000000e+04
3.982300000000000000e+04
3.983800000000000000e+04
3.986500000000000000e+04
3.993900000000000000e+04
3.994400000000000000e+04
3.998300000000000000e+04
4.001600000000000000e+04
4.001700000000000000e+04
4.001800000000000000e+04
4.004600000000000000e+04
4.008400000000000000e+04
4.009100000000000000e+04
4.011900000000000000e+04
4.013600000000000000e+04
4.015100000000000000e+04
4.015800000000000000e+04
4.016000000000000000e+04
4.019200000000000000e+04
4.019900000000000000e+04
4.021100000000000000e+04
4.021400000000000000e+04
4.021800000000000000e+04
4.025600000000000000e+04
4.026800000000000000e+04
4.027000000000000000e+04
4.028300000000000000e+04
4.031000000000000000e+04
4.042800000000000000e+04
4.046100000000000000e+04
4.046200000000000000e+04
4.046300000000000000e+04
4.049200000000000000e+04
4.053600000000000000e+04
4.059600000000000000e+04
4.060000000000000000e+04
4.063700000000000000e+04
4.064400000000000000e+04
4.065900000000000000e+04
4.071300000000000000e+04
4.072800000000000000e+04
4.075500000000000000e+04
4.083400000000000000e+04
4.087300000000000000e+04
4.090600000000000000e+04
4.090800000000000000e+04
4.098100000000000000e+04
4.100400000000000000e+04
4.100900000000000000e+04
4.101200000000000000e+04
4.101800000000000000e+04
4.102300000000000000e+04
4.104100000000000000e+04
4.104500000000000000e+04
4.104800000000000000e+04
4.106200000000000000e+04
4.107200000000000000e+04
4.108100000000000000e+04
4.108900000000000000e+04
4.109900000000000000e+04
4.110400000000000000e+04
4.115800000000000000e+04
4.116000000000000000e+04
4.117300000000000000e+04
4.120000000000000000e+04
4.127100000000000000e+04
4.127900000000000000e+04
4.129400000000000000e+04
4.131800000000000000e+04
4.135200000000000000e+04
4.142300000000000000e+04
4.142600000000000000e+04
4.144900000000000000e+04
4.145400000000000000e+04
4.148600000000000000e+04
4.149300000000000000e+04
4.150200000000000000e+04
4.152700000000000000e+04
4.153500000000000000e+04
4.153900000000000000e+04
4.154900000000000000e+04
4.158100000000000000e+04
4.160300000000000000e+04
4.160500000000000000e+04
4.161800000000000000e+04
4.164500000000000000e+04
4.172400000000000000e+04
4.176300000000000000e+04
4.179600000000000000e+04
4.179700000000000000e+04
4.179800000000000000e+04
4.187100000000000000e+04
4.189900000000000000e+04
4.193100000000000000e+04
4.193500000000000000e+04
4.193800000000000000e+04
4.194700000000000000e+04
4.197200000000000000e+04
4.199400000000000000e+04
4.204800000000000000e+04
4.205000000000000000e+04
4.206300000000000000e+04
4.209000000000000000e+04
4.216900000000000000e+04
4.220800000000000000e+04
4.224100000000000000e+04
4.224200000000000000e+04
4.224300000000000000e+04
4.231600000000000000e+04
4.234400000000000000e+04
4.237600000000000000e+04
4.238000000000000000e+04
4.238300000000000000e+04
4.239200000000000000e+04
4.242400000000000000e+04
4.243900000000000000e+04
4.249300000000000000e+04
4.250800000000000000e+04
4.253500000000000000e+04
4.261400000000000000e+04
4.265300000000000000e+04
4.268600000000000000e+04
4.268700000000000000e+04
4.268800000000000000e+04
4.276100000000000000e+04
4.278900000000000000e+04
4.279400000000000000e+04
4.279600000000000000e+04
4.279800000000000000e+04
4.280000000000000000e+04
4.281700000000000000e+04
4.282100000000000000e+04
4.282300000000000000e+04
4.282500000000000000e+04
4.282800000000000000e+04
4.283600000000000000e+04
4.283700000000000000e+04
4.285200000000000000e+04
4.286100000000000000e+04
4.286200000000000000e+04
4.286900000000000000e+04
4.287600000000000000e+04
4.287900000000000000e+04
4.288400000000000000e+04
4.293800000000000000e+04
4.294000000000000000e+04
4.295300000000000000e+04
4.298000000000000000e+04
4.301900000000000000e+04
4.305400000000000000e+04
4.305900000000000000e+04
4.309800000000000000e+04
4.313100000000000000e+04
4.313200000000000000e+04
4.313300000000000000e+04
4.316200000000000000e+04
4.320600000000000000e+04
4.323400000000000000e+04
4.326600000000000000e+04
4.327000000000000000e+04
4.327300000000000000e+04
4.328200000000000000e+04
4.330700000000000000e+04
4.331400000000000000e+04
4.332900000000000000e+04
4.338300000000000000e+04
4.338500000000000000e+04
4.339800000000000000e+04
4.342500000000000000e+04
4.350400000000000000e+04
4.357600000000000000e+04
4.357700000000000000e+04
4.357800000000000000e+04
4.367900000000000000e+04
4.371100000000000000e+04
4.371500000000000000e+04
4.371800000000000000e+04
4.372700000000000000e+04
4.375200000000000000e+04
4.375900000000000000e+04
4.377400000000000000e+04
4.384300000000000000e+04
4.412400000000000000e+04
4.415600000000000000e+04
4.416000000000000000e+04
4.416300000000000000e+04
4.419700000000000000e+04
4.420400000000000000e+04
4.421900000000000000e+04
4.427300000000000000e+04
4.427500000000000000e+04
4.431500000000000000e+04
4.439400000000000000e+04
4.443300000000000000e+04
4.446600000000000000e+04
4.446700000000000000e+04
4.446800000000000000e+04
4.454100000000000000e+04
4.456900000000000000e+04
4.460100000000000000e+04
4.460500000000000000e+04
4.460800000000000000e+04
4.461700000000000000e+04
4.464200000000000000e+04
4.464900000000000000e+04
4.466400000000000000e+04
4.473300000000000000e+04
4.487800000000000000e+04
4.498600000000000000e+04
4.501400000000000000e+04
4.504600000000000000e+04
4.505300000000000000e+04
4.506200000000000000e+04
4.508700000000000000e+04
4.509400000000000000e+04
4.517800000000000000e+04
4.532300000000000000e+04
4.543100000000000000e+04
4.549100000000000000e+04
4.549500000000000000e+04
4.550700000000000000e+04
4.553200000000000000e+04
4.553900000000000000e+04
4.555400000000000000e+04
4.562300000000000000e+04
4.587600000000000000e+04
4.590400000000000000e+04
4.593600000000000000e+04
4.594000000000000000e+04
4.594300000000000000e+04
4.595200000000000000e+04
4.598400000000000000e+04
4.599900000000000000e+04
4.621300000000000000e+04
4.632100000000000000e+04
4.634900000000000000e+04
4.638100000000000000e+04
4.638500000000000000e+04
4.642200000000000000e+04
4.642900000000000000e+04
4.644400000000000000e+04
4.651300000000000000e+04
4.665800000000000000e+04
4.676600000000000000e+04
4.679400000000000000e+04
4.682600000000000000e+04
4.683000000000000000e+04
4.683300000000000000e+04
4.684200000000000000e+04
4.686700000000000000e+04
4.687400000000000000e+04
4.688900000000000000e+04
4.695800000000000000e+04
4.710300000000000000e+04
4.713700000000000000e+04
4.713800000000000000e+04
4.721100000000000000e+04
4.721700000000000000e+04
4.723900000000000000e+04
4.727100000000000000e+04
4.727500000000000000e+04
4.727800000000000000e+04
4.728700000000000000e+04
4.731200000000000000e+04
4.731900000000000000e+04
4.733400000000000000e+04
4.738800000000000000e+04
4.739000000000000000e+04
4.740300000000000000e+04
4.743000000000000000e+04
4.750900000000000000e+04
4.754800000000000000e+04
4.758100000000000000e+04
4.758200000000000000e+04
4.758300000000000000e+04
4.765600000000000000e+04
4.771600000000000000e+04
4.772000000000000000e+04
4.773200000000000000e+04
4.775700000000000000e+04
4.776400000000000000e+04
4.784800000000000000e+04
4.799300000000000000e+04
4.810100000000000000e+04
4.811800000000000000e+04
4.812900000000000000e+04
4.816100000000000000e+04
4.816800000000000000e+04
4.817700000000000000e+04
4.820200000000000000e+04
4.820900000000000000e+04
4.822400000000000000e+04
4.829300000000000000e+04
4.843800000000000000e+04
4.854100000000000000e+04
4.854600000000000000e+04
4.857400000000000000e+04
4.860600000000000000e+04
4.861000000000000000e+04
4.861300000000000000e+04
4.862200000000000000e+04
4.864700000000000000e+04
4.865400000000000000e+04
4.866900000000000000e+04
4.873800000000000000e+04
4.888300000000000000e+04
4.899100000000000000e+04
4.901900000000000000e+04
4.905100000000000000e+04
4.906700000000000000e+04
4.909200000000000000e+04
4.909900000000000000e+04
4.911400000000000000e+04
4.918300000000000000e+04
4.929100000000000000e+04
4.932800000000000000e+04
4.939700000000000000e+04
4.940800000000000000e+04
4.987800000000000000e+04
5.025400000000000000e+04
5.062000000000000000e+04
5.079000000000000000e+04
5.080300000000000000e+04
5.082600000000000000e+04
5.083200000000000000e+04
5.084300000000000000e+04
5.090000000000000000e+04
5.090100000000000000e+04
5.090200000000000000e+04
5.090300000000000000e+04
5.090400000000000000e+04
5.096200000000000000e+04
5.096600000000000000e+04
5.099600000000000000e+04
5.100100000000000000e+04
5.102200000000000000e+04
5.109500000000000000e+04
5.110500000000000000e+04
5.112800000000000000e+04
5.112900000000000000e+04
5.113100000000000000e+04
5.113200000000000000e+04
5.113300000000000000e+04
5.113400000000000000e+04
5.113500000000000000e+04
5.113600000000000000e+04
5.113800000000000000e+04
5.113900000000000000e+04
5.114000000000000000e+04
5.121500000000000000e+04
5.163600000000000000e+04
5.167000000000000000e+04
5.210800000000000000e+04
5.210900000000000000e+04
5.214400000000000000e+04
5.219300000000000000e+04
5.237400000000000000e+04
5.240500000000000000e+04
5.251000000000000000e+04
5.253200000000000000e+04
5.270200000000000000e+04
5.295600000000000000e+04
5.340200000000000000e+04
5.381600000000000000e+04
5.390900000000000000e+04
5.395200000000000000e+04
5.400300000000000000e+04
5.422300000000000000e+04
5.435400000000000000e+04
5.439700000000000000e+04
5.444800000000000000e+04
5.445500000000000000e+04
5.466800000000000000e+04
5.479900000000000000e+04
5.484200000000000000e+04
5.489300000000000000e+04
5.490000000000000000e+04
5.511300000000000000e+04
5.527100000000000000e+04
5.594000000000000000e+04
5.608600000000000000e+04
5.651700000000000000e+04
5.668200000000000000e+04
5.698900000000000000e+04
5.701400000000000000e+04
5.743400000000000000e+04
5.745900000000000000e+04
5.787900000000000000e+04
5.790400000000000000e+04
5.834900000000000000e+04
5.876900000000000000e+04
5.879400000000000000e+04
5.921400000000000000e+04
5.923900000000000000e+04
5.965900000000000000e+04
5.968400000000000000e+04
6.010400000000000000e+04
6.012900000000000000e+04
6.054900000000000000e+04
6.057400000000000000e+04
6.106300000000000000e+04
6.165600000000000000e+04
6.185600000000000000e+04
6.256200000000000000e+04
6.266900000000000000e+04
6.267200000000000000e+04
6.273000000000000000e+04
6.273100000000000000e+04
6.273200000000000000e+04
6.345200000000000000e+04
6.349100000000000000e+04
6.356000000000000000e+04
6.356200000000000000e+04
6.362000000000000000e+04
6.362100000000000000e+04
6.362200000000000000e+04
6.368500000000000000e+04
6.413000000000000000e+04
6.437600000000000000e+04
6.449500000000000000e+04
6.456600000000000000e+04
6.459400000000000000e+04
6.462600000000000000e+04
6.463000000000000000e+04
6.463300000000000000e+04
6.464200000000000000e+04
6.466700000000000000e+04
6.468900000000000000e+04
6.474300000000000000e+04
6.474500000000000000e+04
6.475800000000000000e+04
6.478500000000000000e+04
6.486400000000000000e+04
6.490300000000000000e+04
6.493600000000000000e+04
6.493700000000000000e+04
6.493800000000000000e+04
6.527100000000000000e+04
6.534000000000000000e+04
6.534200000000000000e+04
6.540000000000000000e+04
6.540100000000000000e+04
6.540200000000000000e+04
6.567700000000000000e+04
6.571600000000000000e+04
6.578400000000000000e+04
6.578500000000000000e+04
6.578700000000000000e+04
6.584600000000000000e+04
6.584700000000000000e+04
6.612200000000000000e+04
6.616100000000000000e+04
6.622900000000000000e+04
6.623000000000000000e+04
6.623200000000000000e+04
6.629000000000000000e+04
6.629100000000000000e+04
6.629200000000000000e+04
6.656700000000000000e+04
6.660600000000000000e+04
6.667400000000000000e+04
6.667500000000000000e+04
6.667700000000000000e+04
6.673500000000000000e+04
6.673600000000000000e+04
6.673700000000000000e+04
6.701200000000000000e+04
6.711900000000000000e+04
6.712000000000000000e+04
6.712200000000000000e+04
6.718000000000000000e+04
6.718100000000000000e+04
6.718200000000000000e+04
6.745700000000000000e+04
6.749600000000000000e+04
6.756400000000000000e+04
6.756500000000000000e+04
6.756700000000000000e+04
6.762500000000000000e+04
6.762600000000000000e+04
6.762700000000000000e+04
6.790200000000000000e+04
6.794100000000000000e+04
6.800900000000000000e+04
6.801000000000000000e+04
6.801200000000000000e+04
6.807000000000000000e+04
6.807100000000000000e+04
6.807200000000000000e+04
6.834700000000000000e+04
6.838600000000000000e+04
6.845400000000000000e+04
6.845500000000000000e+04
6.845700000000000000e+04
6.851500000000000000e+04
6.851600000000000000e+04
6.851700000000000000e+04
6.879200000000000000e+04
6.883100000000000000e+04
6.889900000000000000e+04
6.890000000000000000e+04
6.890200000000000000e+04
6.896000000000000000e+04
6.896100000000000000e+04
6.896200000000000000e+04
6.923700000000000000e+04
6.927600000000000000e+04
6.934400000000000000e+04
6.934500000000000000e+04
6.934700000000000000e+04
6.940500000000000000e+04
6.940600000000000000e+04
6.940700000000000000e+04
6.968200000000000000e+04
6.972100000000000000e+04
6.978900000000000000e+04
6.979000000000000000e+04
6.979200000000000000e+04
6.985000000000000000e+04
6.985100000000000000e+04
6.985200000000000000e+04
6.987500000000000000e+04
7.057200000000000000e+04
7.067900000000000000e+04
7.068000000000000000e+04
7.068200000000000000e+04
7.074100000000000000e+04
7.074200000000000000e+04
7.101700000000000000e+04
7.105600000000000000e+04
7.112400000000000000e+04
7.112500000000000000e+04
7.112700000000000000e+04
7.118500000000000000e+04
7.118600000000000000e+04
7.118700000000000000e+04
7.150100000000000000e+04
7.156900000000000000e+04
7.157000000000000000e+04
7.157200000000000000e+04
7.163100000000000000e+04
7.163200000000000000e+04
7.166100000000000000e+04
7.189100000000000000e+04
7.237400000000000000e+04
7.261000000000000000e+04
7.269200000000000000e+04
7.272600000000000000e+04
7.283700000000000000e+04
7.286400000000000000e+04
7.292100000000000000e+04
7.299600000000000000e+04
7.303000000000000000e+04
7.330900000000000000e+04
7.344100000000000000e+04
7.347500000000000000e+04
7.375400000000000000e+04
7.388600000000000000e+04
7.392000000000000000e+04
7.415700000000000000e+04
7.419900000000000000e+04
7.430400000000000000e+04
7.431600000000000000e+04
7.434100000000000000e+04
7.435300000000000000e+04
7.477600000000000000e+04
7.481000000000000000e+04
7.522100000000000000e+04
7.525500000000000000e+04
7.565100000000000000e+04
7.568800000000000000e+04
7.613300000000000000e+04
7.690000000000000000e+04
7.724700000000000000e+04
7.746800000000000000e+04
7.788100000000000000e+04
7.861800000000000000e+04
7.880300000000000000e+04
8.003300000000000000e+04
8.080700000000000000e+04
8.125200000000000000e+04
8.172000000000000000e+04
8.182700000000000000e+04
8.214200000000000000e+04
8.218100000000000000e+04
8.224900000000000000e+04
8.225000000000000000e+04
8.225200000000000000e+04
8.231100000000000000e+04
8.231200000000000000e+04
8.258700000000000000e+04
8.262600000000000000e+04
8.269400000000000000e+04
8.269500000000000000e+04
8.269700000000000000e+04
8.275500000000000000e+04
8.275600000000000000e+04
8.275700000000000000e+04
8.303200000000000000e+04
8.313900000000000000e+04
8.314000000000000000e+04
8.314200000000000000e+04
8.320000000000000000e+04
8.320100000000000000e+04
8.320200000000000000e+04
8.347700000000000000e+04
8.351600000000000000e+04
8.358400000000000000e+04
8.358500000000000000e+04
8.358700000000000000e+04
8.364500000000000000e+04
8.364600000000000000e+04
8.364700000000000000e+04
8.385400000000000000e+04
8.413400000000000000e+04
8.415900000000000000e+04
8.462800000000000000e+04
8.467000000000000000e+04
8.468600000000000000e+04
8.474000000000000000e+04
8.510900000000000000e+04
8.512600000000000000e+04
8.546900000000000000e+04
8.624700000000000000e+04
8.634200000000000000e+04
8.637000000000000000e+04
8.660200000000000000e+04
8.660700000000000000e+04
8.661600000000000000e+04
8.665600000000000000e+04
8.665700000000000000e+04
8.669100000000000000e+04
8.674700000000000000e+04
8.674800000000000000e+04
8.674900000000000000e+04
8.703700000000000000e+04
8.707600000000000000e+04
8.714400000000000000e+04
8.714500000000000000e+04
8.720500000000000000e+04
8.720600000000000000e+04
8.720700000000000000e+04
8.748200000000000000e+04
8.752100000000000000e+04
8.759000000000000000e+04
8.759200000000000000e+04
8.765000000000000000e+04
8.765100000000000000e+04
8.765200000000000000e+04
8.777600000000000000e+04
8.779600000000000000e+04
8.780700000000000000e+04
8.813900000000000000e+04
8.816400000000000000e+04
8.881700000000000000e+04
8.885600000000000000e+04
8.892400000000000000e+04
8.892500000000000000e+04
8.892700000000000000e+04
8.898500000000000000e+04
8.898600000000000000e+04
8.898700000000000000e+04
8.910700000000000000e+04
8.947700000000000000e+04
8.955200000000000000e+04
9.072000000000000000e+04
9.079600000000000000e+04
9.083000000000000000e+04
9.124100000000000000e+04
9.127500000000000000e+04
9.168800000000000000e+04
9.213900000000000000e+04
9.262500000000000000e+04
9.265300000000000000e+04
9.269900000000000000e+04
9.270000000000000000e+04
9.270800000000000000e+04
9.273900000000000000e+04
9.274000000000000000e+04
9.274200000000000000e+04
9.280300000000000000e+04
9.298700000000000000e+04
9.326700000000000000e+04
9.330600000000000000e+04
9.337400000000000000e+04
9.337500000000000000e+04
9.337700000000000000e+04
9.343500000000000000e+04
9.343700000000000000e+04
9.347700000000000000e+04
9.348400000000000000e+04
9.348900000000000000e+04
9.349200000000000000e+04
9.356800000000000000e+04
9.358400000000000000e+04
9.370400000000000000e+04
9.392200000000000000e+04
9.392600000000000000e+04
9.392900000000000000e+04
9.393400000000000000e+04
9.393700000000000000e+04
9.399500000000000000e+04
9.400400000000000000e+04
9.401300000000000000e+04
9.402900000000000000e+04
9.414900000000000000e+04
9.432300000000000000e+04
9.436700000000000000e+04
9.437100000000000000e+04
9.437400000000000000e+04
9.438200000000000000e+04
9.445800000000000000e+04
9.447400000000000000e+04
9.459400000000000000e+04
9.481200000000000000e+04
9.481600000000000000e+04
9.482400000000000000e+04
9.482700000000000000e+04
9.490300000000000000e+04
9.491900000000000000e+04
9.503900000000000000e+04
9.504100000000000000e+04
9.525700000000000000e+04
9.526100000000000000e+04
9.527200000000000000e+04
9.534800000000000000e+04
9.548400000000000000e+04
9.593700000000000000e+04
9.638200000000000000e+04
9.662800000000000000e+04
9.674000000000000000e+04
9.683500000000000000e+04
9.693900000000000000e+04
9.725600000000000000e+04
9.745600000000000000e+04
9.791300000000000000e+04
9.796400000000000000e+04
9.806500000000000000e+04
9.827800000000000000e+04
9.840800000000000000e+04
9.852000000000000000e+04
9.861500000000000000e+04
9.871900000000000000e+04
9.927600000000000000e+04
9.930400000000000000e+04
9.933600000000000000e+04
9.934000000000000000e+04
9.934300000000000000e+04
9.935200000000000000e+04
9.937700000000000000e+04
9.938400000000000000e+04
9.939900000000000000e+04
9.945300000000000000e+04
9.945500000000000000e+04
9.946800000000000000e+04
9.949500000000000000e+04
9.957400000000000000e+04
9.961300000000000000e+04
9.964600000000000000e+04
9.964700000000000000e+04
9.964800000000000000e+04
9.992600000000000000e+04
1.004490000000000000e+05
1.005720000000000000e+05
1.015050000000000000e+05
1.017890000000000000e+05
1.022650000000000000e+05
1.024990000000000000e+05
1.025000000000000000e+05
1.025010000000000000e+05
1.025020000000000000e+05
1.025030000000000000e+05
1.025040000000000000e+05
1.028090000000000000e+05
1.033100000000000000e+05
1.033110000000000000e+05
1.033390000000000000e+05
1.033510000000000000e+05
1.033710000000000000e+05
1.033820000000000000e+05
1.034270000000000000e+05
1.034780000000000000e+05
1.034840000000000000e+05
1.034940000000000000e+05
1.035130000000000000e+05
1.035140000000000000e+05
1.035160000000000000e+05
1.035440000000000000e+05
1.035450000000000000e+05
1.035460000000000000e+05
1.035570000000000000e+05
1.035930000000000000e+05
1.035980000000000000e+05
1.036080000000000000e+05
1.036110000000000000e+05
1.036860000000000000e+05
1.036880000000000000e+05
1.045460000000000000e+05
1.046380000000000000e+05
1.047500000000000000e+05
1.048300000000000000e+05
1.050810000000000000e+05
1.050870000000000000e+05
1.051050000000000000e+05
1.052280000000000000e+05
1.055560000000000000e+05
1.060210000000000000e+05
1.060410000000000000e+05
1.060520000000000000e+05
1.063840000000000000e+05
1.068410000000000000e+05
1.068690000000000000e+05
1.069010000000000000e+05
1.069050000000000000e+05
1.069080000000000000e+05
1.069170000000000000e+05
1.069420000000000000e+05
1.069490000000000000e+05
1.069640000000000000e+05
1.070330000000000000e+05
1.071780000000000000e+05
1.075070000000000000e+05
1.075460000000000000e+05
1.076140000000000000e+05
1.076150000000000000e+05
1.076170000000000000e+05
1.076750000000000000e+05
1.076770000000000000e+05
1.078550000000000000e+05
1.087450000000000000e+05
1.091900000000000000e+05
1.096350000000000000e+05
1.100800000000000000e+05
1.103760000000000000e+05
1.104100000000000000e+05
1.108060000000000000e+05
1.108070000000000000e+05
1.108090000000000000e+05
1.112540000000000000e+05
1.117360000000000000e+05
1.117640000000000000e+05
1.117960000000000000e+05
1.118000000000000000e+05
1.118030000000000000e+05
1.118120000000000000e+05
1.118370000000000000e+05
1.118440000000000000e+05
1.118590000000000000e+05
1.119130000000000000e+05
1.119280000000000000e+05
1.120340000000000000e+05
1.120730000000000000e+05
1.121060000000000000e+05
1.121070000000000000e+05
1.121080000000000000e+05
1.121500000000000000e+05
1.131210000000000000e+05
1.135420000000000000e+05
1.135600000000000000e+05
1.135670000000000000e+05
1.135690000000000000e+05
1.135790000000000000e+05
1.135810000000000000e+05
1.139180000000000000e+05
1.139360000000000000e+05
1.139700000000000000e+05
1.143810000000000000e+05
1.144150000000000000e+05
1.148110000000000000e+05
1.152560000000000000e+05
1.157090000000000000e+05
1.161540000000000000e+05
1.168520000000000000e+05
1.171460000000000000e+05
1.171660000000000000e+05
1.171770000000000000e+05
1.174890000000000000e+05
1.181710000000000000e+05
1.185010000000000000e+05
1.188230000000000000e+05
1.195060000000000000e+05
1.197130000000000000e+05
1.202450000000000000e+05
1.202660000000000000e+05
1.203590000000000000e+05
1.203600000000000000e+05
1.203610000000000000e+05
1.203620000000000000e+05
1.204380000000000000e+05
1.204450000000000000e+05
1.204680000000000000e+05
1.205260000000000000e+05
1.205270000000000000e+05
1.206030000000000000e+05
1.212690000000000000e+05
1.215010000000000000e+05
1.221710000000000000e+05
1.224830000000000000e+05
1.229280000000000000e+05
1.237110000000000000e+05
1.241780000000000000e+05
1.247110000000000000e+05
1.247420000000000000e+05
1.250470000000000000e+05
1.255100000000000000e+05
1.261970000000000000e+05
1.262360000000000000e+05
1.263050000000000000e+05
1.263070000000000000e+05
1.263650000000000000e+05
1.263660000000000000e+05
1.263670000000000000e+05
1.263810000000000000e+05
1.268270000000000000e+05
1.276300000000000000e+05
1.277310000000000000e+05
1.277650000000000000e+05
1.281870000000000000e+05
1.281920000000000000e+05
1.282780000000000000e+05
1.286280000000000000e+05
1.291810000000000000e+05
1.296880000000000000e+05
1.299410000000000000e+05
1.301330000000000000e+05
1.306470000000000000e+05
1.306860000000000000e+05
1.307540000000000000e+05
1.307550000000000000e+05
1.308150000000000000e+05
1.308160000000000000e+05
1.308170000000000000e+05
1.308240000000000000e+05
1.310920000000000000e+05
1.311310000000000000e+05
1.311990000000000000e+05
1.312000000000000000e+05
1.312020000000000000e+05
1.312600000000000000e+05
1.312610000000000000e+05
1.312620000000000000e+05
1.312690000000000000e+05
1.315370000000000000e+05
1.317220000000000000e+05
1.324270000000000000e+05
1.328720000000000000e+05
1.333170000000000000e+05
1.338220000000000000e+05
1.340380000000000000e+05
1.340840000000000000e+05
1.340850000000000000e+05
1.340930000000000000e+05
1.341240000000000000e+05
1.341250000000000000e+05
1.341270000000000000e+05
1.341880000000000000e+05
1.343720000000000000e+05
1.346520000000000000e+05
1.346910000000000000e+05
1.347590000000000000e+05
1.347600000000000000e+05
1.348200000000000000e+05
1.348210000000000000e+05
1.348220000000000000e+05
1.348580000000000000e+05
1.349530000000000000e+05
1.355420000000000000e+05
1.355810000000000000e+05
1.356490000000000000e+05
1.356500000000000000e+05
1.356520000000000000e+05
1.357100000000000000e+05
1.357110000000000000e+05
1.357120000000000000e+05
1.357410000000000000e+05
1.357750000000000000e+05
1.361860000000000000e+05
1.362200000000000000e+05
1.366310000000000000e+05
1.366650000000000000e+05
1.370940000000000000e+05
1.370990000000000000e+05
1.371400000000000000e+05
1.371940000000000000e+05
1.375340000000000000e+05
1.382120000000000000e+05
1.383960000000000000e+05
1.388410000000000000e+05
1.397180000000000000e+05
1.399760000000000000e+05
1.404210000000000000e+05
1.406950000000000000e+05
1.411420000000000000e+05
1.413110000000000000e+05
1.415370000000000000e+05
1.415740000000000000e+05
1.416680000000000000e+05
1.416750000000000000e+05
1.418880000000000000e+05
1.419820000000000000e+05
1.419890000000000000e+05
1.419970000000000000e+05
1.420730000000000000e+05
1.420890000000000000e+05
1.422090000000000000e+05
1.424410000000000000e+05
1.424690000000000000e+05
1.425050000000000000e+05
1.425080000000000000e+05
1.425170000000000000e+05
1.425490000000000000e+05
1.425640000000000000e+05
1.426330000000000000e+05
1.427780000000000000e+05
1.431070000000000000e+05
1.431460000000000000e+05
1.432140000000000000e+05
1.432150000000000000e+05
1.432170000000000000e+05
1.432750000000000000e+05
1.432760000000000000e+05
1.432770000000000000e+05
1.435520000000000000e+05
1.438100000000000000e+05
1.439330000000000000e+05
1.439520000000000000e+05
1.439690000000000000e+05
1.440260000000000000e+05
1.440790000000000000e+05
1.440800000000000000e+05
1.440810000000000000e+05
1.440820000000000000e+05
1.440830000000000000e+05
1.440850000000000000e+05
1.440860000000000000e+05
1.440870000000000000e+05
1.441230000000000000e+05
1.441240000000000000e+05
1.441710000000000000e+05
1.441820000000000000e+05
1.442550000000000000e+05
1.443130000000000000e+05
1.443780000000000000e+05
1.443830000000000000e+05
1.444140000000000000e+05
1.444710000000000000e+05
1.445240000000000000e+05
1.445250000000000000e+05
1.445260000000000000e+05
1.445270000000000000e+05
1.445280000000000000e+05
1.445300000000000000e+05
1.445310000000000000e+05
1.445320000000000000e+05
1.445680000000000000e+05
1.445690000000000000e+05
1.446160000000000000e+05
1.446240000000000000e+05
1.450650000000000000e+05
1.453320000000000000e+05
1.455160000000000000e+05
1.459720000000000000e+05
1.464060000000000000e+05
1.467280000000000000e+05
1.471120000000000000e+05
1.471510000000000000e+05
1.472190000000000000e+05
1.472200000000000000e+05
1.472220000000000000e+05
1.472800000000000000e+05
1.472810000000000000e+05
1.476570000000000000e+05
1.477520000000000000e+05
1.482010000000000000e+05
1.482440000000000000e+05
1.483120000000000000e+05
1.483700000000000000e+05
1.483710000000000000e+05
1.483850000000000000e+05
1.484100000000000000e+05
1.484110000000000000e+05
1.484120000000000000e+05
1.484130000000000000e+05
1.484310000000000000e+05
1.484320000000000000e+05
1.484920000000000000e+05
1.484970000000000000e+05
1.485220000000000000e+05
1.485270000000000000e+05
1.485420000000000000e+05
1.485820000000000000e+05
1.486080000000000000e+05
1.486090000000000000e+05
1.486230000000000000e+05
1.486500000000000000e+05
1.490890000000000000e+05
1.495470000000000000e+05
1.495840000000000000e+05
1.496780000000000000e+05
1.496850000000000000e+05
1.500030000000000000e+05
1.508500000000000000e+05
1.511170000000000000e+05
1.511560000000000000e+05
1.512240000000000000e+05
1.512250000000000000e+05
1.512270000000000000e+05
1.512850000000000000e+05
1.512870000000000000e+05
1.515290000000000000e+05
1.517400000000000000e+05
1.519740000000000000e+05
1.521850000000000000e+05
1.523800000000000000e+05
1.524520000000000000e+05
1.524910000000000000e+05
1.525600000000000000e+05
1.525620000000000000e+05
1.526200000000000000e+05
1.526210000000000000e+05
1.526220000000000000e+05
1.528640000000000000e+05
1.532220000000000000e+05
1.537390000000000000e+05
1.539510000000000000e+05
1.541830000000000000e+05
1.541840000000000000e+05
1.543960000000000000e+05
1.544970000000000000e+05
1.545980000000000000e+05
1.545990000000000000e+05
1.546630000000000000e+05
1.548570000000000000e+05
1.548620000000000000e+05
1.552760000000000000e+05
1.553230000000000000e+05
1.557710000000000000e+05
1.560080000000000000e+05
1.563320000000000000e+05
1.563330000000000000e+05
1.563710000000000000e+05
1.566560000000000000e+05
1.566900000000000000e+05
1.572160000000000000e+05
1.577920000000000000e+05
1.578310000000000000e+05
1.578990000000000000e+05
1.579000000000000000e+05
1.579020000000000000e+05
1.579600000000000000e+05
1.579610000000000000e+05
1.579620000000000000e+05
1.582760000000000000e+05
1.583440000000000000e+05
1.583450000000000000e+05
1.583470000000000000e+05
1.584050000000000000e+05
1.584060000000000000e+05
1.584070000000000000e+05
1.586820000000000000e+05
1.587210000000000000e+05
1.587890000000000000e+05
1.587900000000000000e+05
1.587920000000000000e+05
1.588500000000000000e+05
1.588510000000000000e+05
1.588520000000000000e+05
1.591270000000000000e+05
1.592340000000000000e+05
1.592350000000000000e+05
1.592370000000000000e+05
1.592950000000000000e+05
1.592960000000000000e+05
1.592970000000000000e+05
1.596110000000000000e+05
1.596790000000000000e+05
1.596800000000000000e+05
1.596820000000000000e+05
1.597400000000000000e+05
1.597410000000000000e+05
1.597420000000000000e+05
1.600170000000000000e+05
1.600560000000000000e+05
1.601240000000000000e+05
1.601250000000000000e+05
1.601270000000000000e+05
1.601850000000000000e+05
1.601860000000000000e+05
1.601870000000000000e+05
1.603260000000000000e+05
1.607680000000000000e+05
1.609480000000000000e+05
1.612950000000000000e+05
1.615470000000000000e+05
1.624300000000000000e+05
1.629200000000000000e+05
1.636640000000000000e+05
1.636930000000000000e+05
1.640060000000000000e+05
1.644510000000000000e+05
1.648960000000000000e+05
1.653410000000000000e+05
1.656040000000000000e+05
1.657050000000000000e+05
1.659180000000000000e+05
1.659910000000000000e+05
1.664380000000000000e+05
1.669450000000000000e+05
1.669460000000000000e+05
1.669740000000000000e+05
1.669860000000000000e+05
1.671130000000000000e+05
1.671190000000000000e+05
1.671480000000000000e+05
1.671490000000000000e+05
1.671510000000000000e+05
1.671790000000000000e+05
1.671800000000000000e+05
1.671810000000000000e+05
1.671920000000000000e+05
1.672280000000000000e+05
1.672330000000000000e+05
1.672430000000000000e+05
1.672460000000000000e+05
1.673280000000000000e+05
1.673340000000000000e+05
1.673350000000000000e+05
1.673430000000000000e+05
1.677730000000000000e+05
1.677790000000000000e+05
1.682650000000000000e+05
1.682900000000000000e+05
1.683530000000000000e+05
1.683650000000000000e+05
1.686960000000000000e+05
1.687240000000000000e+05
1.687560000000000000e+05
1.687600000000000000e+05
1.687970000000000000e+05
1.688040000000000000e+05
1.688190000000000000e+05
1.688880000000000000e+05
1.692110000000000000e+05
1.696360000000000000e+05
1.701010000000000000e+05
1.701210000000000000e+05
1.701320000000000000e+05
1.704750000000000000e+05
1.705010000000000000e+05
1.705430000000000000e+05
1.709080000000000000e+05
1.713540000000000000e+05
1.713790000000000000e+05
1.718200000000000000e+05
1.723460000000000000e+05
1.726760000000000000e+05
1.727100000000000000e+05
1.735210000000000000e+05
1.736990000000000000e+05
1.737000000000000000e+05
1.737010000000000000e+05
1.737020000000000000e+05
1.737030000000000000e+05
1.737040000000000000e+05
1.740360000000000000e+05
1.740640000000000000e+05
1.740960000000000000e+05
1.741000000000000000e+05
1.741030000000000000e+05
1.741120000000000000e+05
1.741370000000000000e+05
1.741440000000000000e+05
1.741590000000000000e+05
1.742280000000000000e+05
1.745100000000000000e+05
1.745110000000000000e+05
1.745390000000000000e+05
1.745510000000000000e+05
1.745710000000000000e+05
1.745820000000000000e+05
1.746840000000000000e+05
1.747130000000000000e+05
1.747140000000000000e+05
1.747160000000000000e+05
1.747440000000000000e+05
1.747450000000000000e+05
1.747460000000000000e+05
1.747570000000000000e+05
1.747930000000000000e+05
1.747980000000000000e+05
1.748080000000000000e+05
1.748110000000000000e+05
1.751310000000000000e+05
1.754000000000000000e+05
1.754010000000000000e+05
1.754290000000000000e+05
1.754410000000000000e+05
1.754610000000000000e+05
1.754720000000000000e+05
1.755170000000000000e+05
1.755680000000000000e+05
1.755740000000000000e+05
1.756030000000000000e+05
1.756340000000000000e+05
1.756350000000000000e+05
1.756360000000000000e+05
1.756470000000000000e+05
1.756830000000000000e+05
1.756880000000000000e+05
1.756980000000000000e+05
1.757010000000000000e+05
1.758450000000000000e+05
1.758460000000000000e+05
1.758740000000000000e+05
1.758860000000000000e+05
1.759060000000000000e+05
1.759170000000000000e+05
1.759620000000000000e+05
1.760130000000000000e+05
1.760190000000000000e+05
1.760480000000000000e+05
1.760490000000000000e+05
1.760510000000000000e+05
1.760790000000000000e+05
1.760810000000000000e+05
1.760920000000000000e+05
1.761280000000000000e+05
1.761330000000000000e+05
1.761430000000000000e+05
1.761460000000000000e+05
1.762900000000000000e+05
1.762910000000000000e+05
1.763190000000000000e+05
1.763310000000000000e+05
1.763510000000000000e+05
1.763620000000000000e+05
1.764070000000000000e+05
1.764580000000000000e+05
1.764640000000000000e+05
1.764930000000000000e+05
1.764940000000000000e+05
1.765240000000000000e+05
1.765250000000000000e+05
1.765260000000000000e+05
1.765370000000000000e+05
1.765730000000000000e+05
1.765780000000000000e+05
1.765880000000000000e+05
1.765910000000000000e+05
1.767350000000000000e+05
1.767360000000000000e+05
1.767640000000000000e+05
1.767760000000000000e+05
1.767960000000000000e+05
1.768070000000000000e+05
1.768520000000000000e+05
1.769030000000000000e+05
1.769090000000000000e+05
1.769380000000000000e+05
1.769390000000000000e+05
1.769410000000000000e+05
1.769690000000000000e+05
1.769700000000000000e+05
1.769710000000000000e+05
1.769820000000000000e+05
1.770180000000000000e+05
1.770230000000000000e+05
1.770330000000000000e+05
1.770360000000000000e+05
1.771800000000000000e+05
1.771810000000000000e+05
1.772090000000000000e+05
1.772210000000000000e+05
1.772410000000000000e+05
1.772520000000000000e+05
1.772970000000000000e+05
1.773540000000000000e+05
1.773860000000000000e+05
1.774140000000000000e+05
1.774160000000000000e+05
1.774270000000000000e+05
1.774630000000000000e+05
1.774680000000000000e+05
1.774780000000000000e+05
1.774810000000000000e+05
1.776250000000000000e+05
1.776260000000000000e+05
1.776540000000000000e+05
1.776660000000000000e+05
1.776860000000000000e+05
1.776970000000000000e+05
1.777420000000000000e+05
1.777930000000000000e+05
1.777990000000000000e+05
1.778290000000000000e+05
1.778310000000000000e+05
1.778590000000000000e+05
1.778610000000000000e+05
1.778720000000000000e+05
1.779080000000000000e+05
1.779130000000000000e+05
1.779260000000000000e+05
1.780700000000000000e+05
1.780710000000000000e+05
1.780990000000000000e+05
1.781110000000000000e+05
1.781310000000000000e+05
1.781420000000000000e+05
1.781870000000000000e+05
1.782380000000000000e+05
1.782440000000000000e+05
1.782740000000000000e+05
1.782760000000000000e+05
1.783040000000000000e+05
1.783050000000000000e+05
1.783060000000000000e+05
1.783170000000000000e+05
1.783530000000000000e+05
1.783580000000000000e+05
1.783680000000000000e+05
1.783710000000000000e+05
1.785560000000000000e+05
1.785760000000000000e+05
1.785870000000000000e+05
1.790010000000000000e+05
1.790210000000000000e+05
1.790320000000000000e+05
1.794050000000000000e+05
1.794060000000000000e+05
1.794340000000000000e+05
1.794460000000000000e+05
1.794660000000000000e+05
1.794770000000000000e+05
1.795220000000000000e+05
1.795730000000000000e+05
1.795790000000000000e+05
1.796080000000000000e+05
1.796090000000000000e+05
1.796110000000000000e+05
1.796400000000000000e+05
1.796520000000000000e+05
1.796880000000000000e+05
1.796930000000000000e+05
1.797030000000000000e+05
1.797060000000000000e+05
1.798500000000000000e+05
1.798510000000000000e+05
1.798790000000000000e+05
1.799110000000000000e+05
1.799220000000000000e+05
1.799670000000000000e+05
1.800180000000000000e+05
1.800240000000000000e+05
1.800530000000000000e+05
1.800540000000000000e+05
1.800560000000000000e+05
1.800840000000000000e+05
1.800850000000000000e+05
1.800860000000000000e+05
1.800970000000000000e+05
1.801330000000000000e+05
1.801380000000000000e+05
1.801480000000000000e+05
1.802950000000000000e+05
1.802960000000000000e+05
1.803240000000000000e+05
1.803360000000000000e+05
1.803560000000000000e+05
1.803670000000000000e+05
1.804690000000000000e+05
1.804980000000000000e+05
1.804990000000000000e+05
1.805010000000000000e+05
1.805290000000000000e+05
1.805300000000000000e+05
1.805310000000000000e+05
1.805420000000000000e+05
1.805780000000000000e+05
1.805830000000000000e+05
1.805930000000000000e+05
1.807400000000000000e+05
1.807410000000000000e+05
1.807810000000000000e+05
1.809080000000000000e+05
1.809140000000000000e+05
1.809240000000000000e+05
1.809440000000000000e+05
1.809460000000000000e+05
1.809740000000000000e+05
1.809750000000000000e+05
1.809760000000000000e+05
1.809870000000000000e+05
1.810230000000000000e+05
1.810280000000000000e+05
1.810380000000000000e+05
1.810410000000000000e+05
1.811850000000000000e+05
1.811860000000000000e+05
1.812140000000000000e+05
1.812260000000000000e+05
1.812460000000000000e+05
1.812570000000000000e+05
1.813020000000000000e+05
1.813530000000000000e+05
1.813590000000000000e+05
1.813880000000000000e+05
1.813890000000000000e+05
1.813910000000000000e+05
1.814190000000000000e+05
1.814200000000000000e+05
1.814210000000000000e+05
1.814320000000000000e+05
1.814680000000000000e+05
1.814830000000000000e+05
1.814860000000000000e+05
1.816300000000000000e+05
1.816310000000000000e+05
1.816590000000000000e+05
1.816710000000000000e+05
1.816910000000000000e+05
1.817020000000000000e+05
1.817980000000000000e+05
1.818040000000000000e+05
1.818330000000000000e+05
1.818360000000000000e+05
1.818640000000000000e+05
1.818650000000000000e+05
1.818770000000000000e+05
1.819130000000000000e+05
1.819180000000000000e+05
1.819280000000000000e+05
1.819310000000000000e+05
1.822670000000000000e+05
1.823060000000000000e+05
1.823740000000000000e+05
1.823750000000000000e+05
1.823770000000000000e+05
1.824350000000000000e+05
1.824360000000000000e+05
1.824370000000000000e+05
1.825610000000000000e+05
1.825920000000000000e+05
1.831570000000000000e+05
1.831960000000000000e+05
1.832640000000000000e+05
1.832650000000000000e+05
1.832670000000000000e+05
1.833250000000000000e+05
1.833260000000000000e+05
1.838140000000000000e+05
1.842460000000000000e+05
1.843410000000000000e+05
1.843440000000000000e+05
1.843720000000000000e+05
1.848060000000000000e+05
1.848170000000000000e+05
1.852310000000000000e+05
1.852510000000000000e+05
1.852620000000000000e+05
1.859000000000000000e+05
1.860380000000000000e+05
1.868330000000000000e+05
1.875910000000000000e+05
1.880360000000000000e+05
1.883230000000000000e+05
1.883240000000000000e+05
1.884810000000000000e+05
1.884920000000000000e+05
1.885180000000000000e+05
1.885550000000000000e+05
1.889260000000000000e+05
1.891750000000000000e+05
1.895860000000000000e+05
1.896200000000000000e+05
1.898090000000000000e+05
1.901260000000000000e+05
1.901460000000000000e+05
1.901570000000000000e+05
1.905710000000000000e+05
1.905910000000000000e+05
1.906020000000000000e+05
1.910160000000000000e+05
1.910360000000000000e+05
1.910470000000000000e+05
1.914610000000000000e+05
1.914810000000000000e+05
1.914920000000000000e+05
1.919060000000000000e+05
1.919260000000000000e+05
1.919370000000000000e+05
1.923510000000000000e+05
1.923710000000000000e+05
1.923820000000000000e+05
1.927960000000000000e+05
1.928160000000000000e+05
1.928270000000000000e+05
1.932410000000000000e+05
1.932610000000000000e+05
1.932720000000000000e+05
1.935910000000000000e+05
1.936250000000000000e+05
1.938140000000000000e+05
1.940250000000000000e+05
1.944940000000000000e+05
1.949380000000000000e+05
1.956010000000000000e+05
1.957880000000000000e+05
1.960460000000000000e+05
1.962330000000000000e+05
1.964910000000000000e+05
1.966780000000000000e+05
1.969830000000000000e+05
1.971860000000000000e+05
1.975960000000000000e+05
1.980410000000000000e+05
1.985320000000000000e+05
1.986910000000000000e+05
1.991670000000000000e+05
1.996120000000000000e+05
2.000570000000000000e+05
2.005020000000000000e+05
2.009470000000000000e+05
2.013920000000000000e+05
2.018370000000000000e+05
2.022820000000000000e+05
2.027270000000000000e+05
2.031720000000000000e+05
2.036780000000000000e+05
2.038390000000000000e+05
2.042840000000000000e+05
2.043090000000000000e+05
2.047160000000000000e+05
2.051740000000000000e+05
2.060640000000000000e+05
2.064960000000000000e+05
2.069540000000000000e+05
2.069790000000000000e+05
2.073990000000000000e+05
2.074240000000000000e+05
2.078690000000000000e+05
2.082890000000000000e+05
2.083140000000000000e+05
2.092040000000000000e+05
2.096240000000000000e+05
2.096490000000000000e+05
2.100690000000000000e+05
2.100940000000000000e+05
2.105140000000000000e+05
2.105390000000000000e+05
2.109590000000000000e+05
2.109840000000000000e+05
2.114040000000000000e+05
2.114290000000000000e+05
2.118490000000000000e+05
2.118740000000000000e+05
2.122840000000000000e+05
2.127390000000000000e+05
2.127640000000000000e+05
2.131840000000000000e+05
2.132090000000000000e+05
2.138620000000000000e+05
2.140740000000000000e+05
2.140990000000000000e+05
2.145190000000000000e+05
2.145440000000000000e+05
2.158410000000000000e+05
2.158750000000000000e+05
2.163810000000000000e+05
2.164010000000000000e+05
2.164120000000000000e+05
2.170750000000000000e+05
2.172710000000000000e+05
2.172910000000000000e+05
2.173020000000000000e+05
2.179060000000000000e+05
2.179740000000000000e+05
2.179750000000000000e+05
2.179770000000000000e+05
2.180350000000000000e+05
2.180360000000000000e+05
2.180370000000000000e+05
2.188550000000000000e+05
2.192250000000000000e+05
2.193060000000000000e+05
2.193320000000000000e+05
2.197510000000000000e+05
2.197770000000000000e+05
2.201150000000000000e+05
2.201960000000000000e+05
2.205600000000000000e+05
2.206410000000000000e+05
2.206670000000000000e+05
2.210860000000000000e+05
2.211120000000000000e+05
2.214500000000000000e+05
2.215310000000000000e+05
2.215570000000000000e+05
2.218950000000000000e+05
2.219760000000000000e+05
2.220020000000000000e+05
2.223400000000000000e+05
2.224210000000000000e+05
2.224470000000000000e+05
2.227850000000000000e+05
2.228660000000000000e+05
2.228920000000000000e+05
2.232300000000000000e+05
2.233110000000000000e+05
2.233370000000000000e+05
2.236520000000000000e+05
2.240970000000000000e+05
2.249870000000000000e+05
2.254320000000000000e+05
2.259440000000000000e+05
2.260700000000000000e+05
2.265210000000000000e+05
2.265550000000000000e+05
2.269660000000000000e+05
2.274110000000000000e+05
2.274450000000000000e+05
2.278560000000000000e+05
2.278900000000000000e+05
2.283010000000000000e+05
2.283350000000000000e+05
2.287380000000000000e+05
2.292150000000000000e+05
2.296340000000000000e+05
2.301060000000000000e+05
2.301660000000000000e+05
2.301700000000000000e+05
2.301730000000000000e+05
2.302070000000000000e+05
2.302140000000000000e+05
2.302980000000000000e+05
2.304430000000000000e+05
2.305400000000000000e+05
2.305410000000000000e+05
2.305420000000000000e+05
2.305440000000000000e+05
2.305450000000000000e+05
2.305490000000000000e+05
2.305560000000000000e+05
2.305590000000000000e+05
2.305620000000000000e+05
2.305740000000000000e+05
2.305940000000000000e+05
2.306000000000000000e+05
2.306100000000000000e+05
2.306250000000000000e+05
2.306310000000000000e+05
2.306350000000000000e+05
2.306440000000000000e+05
2.306700000000000000e+05
2.306710000000000000e+05
2.306720000000000000e+05
2.307110000000000000e+05
2.307120000000000000e+05
2.307140000000000000e+05
2.307250000000000000e+05
2.307260000000000000e+05
2.307320000000000000e+05
2.307330000000000000e+05
2.307340000000000000e+05
2.307470000000000000e+05
2.307690000000000000e+05
2.307730000000000000e+05
2.307740000000000000e+05
2.307750000000000000e+05
2.307770000000000000e+05
2.307780000000000000e+05
2.307790000000000000e+05
2.307850000000000000e+05
2.307900000000000000e+05
2.307910000000000000e+05
2.307990000000000000e+05
2.308100000000000000e+05
2.308180000000000000e+05
2.308310000000000000e+05
2.308400000000000000e+05
2.308420000000000000e+05
2.308430000000000000e+05
2.308660000000000000e+05
2.308890000000000000e+05
2.308910000000000000e+05
2.308920000000000000e+05
2.308930000000000000e+05
2.308940000000000000e+05
2.309850000000000000e+05
2.309860000000000000e+05
2.309870000000000000e+05
2.309890000000000000e+05
2.309900000000000000e+05
2.309920000000000000e+05
2.309940000000000000e+05
2.309970000000000000e+05
2.310010000000000000e+05
2.310040000000000000e+05
2.310070000000000000e+05
2.310190000000000000e+05
2.310390000000000000e+05
2.310450000000000000e+05
2.310700000000000000e+05
2.310760000000000000e+05
2.310800000000000000e+05
2.310890000000000000e+05
2.311150000000000000e+05
2.311160000000000000e+05
2.311170000000000000e+05
2.311560000000000000e+05
2.311570000000000000e+05
2.311590000000000000e+05
2.311710000000000000e+05
2.311770000000000000e+05
2.311780000000000000e+05
2.311790000000000000e+05
2.311920000000000000e+05
2.311970000000000000e+05
2.312080000000000000e+05
2.312110000000000000e+05
2.312140000000000000e+05
2.312180000000000000e+05
2.312190000000000000e+05
2.312200000000000000e+05
2.312220000000000000e+05
2.312230000000000000e+05
2.312240000000000000e+05
2.312330000000000000e+05
2.312350000000000000e+05
2.312440000000000000e+05
2.312550000000000000e+05
2.312630000000000000e+05
2.312760000000000000e+05
2.312870000000000000e+05
2.312880000000000000e+05
2.313110000000000000e+05
2.313350000000000000e+05
2.313360000000000000e+05
2.313380000000000000e+05
2.313390000000000000e+05
2.316620000000000000e+05
2.321460000000000000e+05
2.322140000000000000e+05
2.322150000000000000e+05
2.322170000000000000e+05
2.322750000000000000e+05
2.322760000000000000e+05
2.322770000000000000e+05
2.324210000000000000e+05
2.327640000000000000e+05
2.327890000000000000e+05
2.339850000000000000e+05
2.344300000000000000e+05
2.348750000000000000e+05
2.349740000000000000e+05
2.350510000000000000e+05
2.354060000000000000e+05
2.363110000000000000e+05
2.363540000000000000e+05
2.364800000000000000e+05
2.364810000000000000e+05
2.364860000000000000e+05
2.364950000000000000e+05
2.365300000000000000e+05
2.365410000000000000e+05
2.366090000000000000e+05
2.367170000000000000e+05
2.371070000000000000e+05
2.371330000000000000e+05
2.371340000000000000e+05
2.371350000000000000e+05
2.371360000000000000e+05
2.374470000000000000e+05
2.375540000000000000e+05
2.375550000000000000e+05
2.375570000000000000e+05
2.376160000000000000e+05
2.376170000000000000e+05
2.378920000000000000e+05
2.379310000000000000e+05
2.380020000000000000e+05
2.380600000000000000e+05
2.380610000000000000e+05
2.380620000000000000e+05
2.388130000000000000e+05
2.388550000000000000e+05
2.388980000000000000e+05
2.393430000000000000e+05
2.396720000000000000e+05
2.397790000000000000e+05
2.398400000000000000e+05
2.398420000000000000e+05
2.401400000000000000e+05
2.402210000000000000e+05
2.402470000000000000e+05
2.403160000000000000e+05
2.403500000000000000e+05
2.407570000000000000e+05
2.412190000000000000e+05
2.412440000000000000e+05
2.416430000000000000e+05
2.423420000000000000e+05
2.425410000000000000e+05
2.425750000000000000e+05
2.429890000000000000e+05
2.436610000000000000e+05
2.438610000000000000e+05
2.443460000000000000e+05
2.443740000000000000e+05
2.444100000000000000e+05
2.444130000000000000e+05
2.444220000000000000e+05
2.444470000000000000e+05
2.444540000000000000e+05
2.444690000000000000e+05
2.445230000000000000e+05
2.445250000000000000e+05
2.445650000000000000e+05
2.446440000000000000e+05
2.446830000000000000e+05
2.447160000000000000e+05
2.447170000000000000e+05
2.447180000000000000e+05
2.452860000000000000e+05
2.459020000000000000e+05
2.463470000000000000e+05
2.467920000000000000e+05
2.470860000000000000e+05
2.471060000000000000e+05
2.471170000000000000e+05
2.475310000000000000e+05
2.475510000000000000e+05
2.475620000000000000e+05
2.481620000000000000e+05
2.482280000000000000e+05
2.482550000000000000e+05
2.482560000000000000e+05
2.483110000000000000e+05
2.490010000000000000e+05
2.495360000000000000e+05
2.499070000000000000e+05
2.504540000000000000e+05
2.507970000000000000e+05
2.509960000000000000e+05
2.514890000000000000e+05
2.515370000000000000e+05
2.518810000000000000e+05
2.523230000000000000e+05
2.527750000000000000e+05
2.532110000000000000e+05
2.532960000000000000e+05
2.539120000000000000e+05
2.543570000000000000e+05
2.548020000000000000e+05
2.548410000000000000e+05
2.549090000000000000e+05
2.549100000000000000e+05
2.549120000000000000e+05
2.549700000000000000e+05
2.549710000000000000e+05
2.551510000000000000e+05
2.553040000000000000e+05
2.556920000000000000e+05
2.558810000000000000e+05
2.560700000000000000e+05
2.565820000000000000e+05
2.566210000000000000e+05
2.566890000000000000e+05
2.566900000000000000e+05
2.566920000000000000e+05
2.567500000000000000e+05
2.567510000000000000e+05
2.567520000000000000e+05
2.569320000000000000e+05
2.573770000000000000e+05
2.578850000000000000e+05
2.579160000000000000e+05
2.579490000000000000e+05
2.579660000000000000e+05
2.580140000000000000e+05
2.580900000000000000e+05
2.581330000000000000e+05
2.581530000000000000e+05
2.581560000000000000e+05
2.583500000000000000e+05
2.583510000000000000e+05
2.583790000000000000e+05
2.583900000000000000e+05
2.583940000000000000e+05
2.584100000000000000e+05
2.584160000000000000e+05
2.584250000000000000e+05
2.584280000000000000e+05
2.584550000000000000e+05
2.584590000000000000e+05
2.585290000000000000e+05
2.585780000000000000e+05
2.585980000000000000e+05
2.586010000000000000e+05
2.587950000000000000e+05
2.587960000000000000e+05
2.588240000000000000e+05
2.588390000000000000e+05
2.588550000000000000e+05
2.588700000000000000e+05
2.588730000000000000e+05
2.589000000000000000e+05
2.589040000000000000e+05
2.589740000000000000e+05
2.592200000000000000e+05
2.592510000000000000e+05
2.592840000000000000e+05
2.593010000000000000e+05
2.593490000000000000e+05
2.594250000000000000e+05
2.595350000000000000e+05
2.599870000000000000e+05
2.600380000000000000e+05
2.603410000000000000e+05
2.603750000000000000e+05
2.610320000000000000e+05
2.618270000000000000e+05
2.618910000000000000e+05
2.619050000000000000e+05
2.619060000000000000e+05
2.619950000000000000e+05
2.620850000000000000e+05
2.620970000000000000e+05
2.624690000000000000e+05
2.628120000000000000e+05
2.628510000000000000e+05
2.629190000000000000e+05
2.629200000000000000e+05
2.629220000000000000e+05
2.629800000000000000e+05
2.629810000000000000e+05
2.629820000000000000e+05
2.632470000000000000e+05
2.636920000000000000e+05
2.641370000000000000e+05
2.650270000000000000e+05
2.652320000000000000e+05
2.658320000000000000e+05
2.662770000000000000e+05
2.666620000000000000e+05
2.667130000000000000e+05
2.670020000000000000e+05
2.670680000000000000e+05
2.677070000000000000e+05
2.681520000000000000e+05
2.684000000000000000e+05
2.684160000000000000e+05
2.684280000000000000e+05
2.684750000000000000e+05
2.684830000000000000e+05
2.685120000000000000e+05
2.685130000000000000e+05
2.685140000000000000e+05
2.685150000000000000e+05
2.685160000000000000e+05
2.685170000000000000e+05
2.685180000000000000e+05
2.685190000000000000e+05
2.685230000000000000e+05
2.685240000000000000e+05
2.685780000000000000e+05
2.685840000000000000e+05
2.686690000000000000e+05
2.686730000000000000e+05
2.687620000000000000e+05
2.688450000000000000e+05
2.688610000000000000e+05
2.688730000000000000e+05
2.689190000000000000e+05
2.689200000000000000e+05
2.689270000000000000e+05
2.689280000000000000e+05
2.689580000000000000e+05
2.689590000000000000e+05
2.689600000000000000e+05
2.689610000000000000e+05
2.689620000000000000e+05
2.689630000000000000e+05
2.689640000000000000e+05
2.689680000000000000e+05
2.690230000000000000e+05
2.690290000000000000e+05
2.692070000000000000e+05
2.693180000000000000e+05
2.693640000000000000e+05
2.693650000000000000e+05
2.693730000000000000e+05
2.694040000000000000e+05
2.694070000000000000e+05
2.696520000000000000e+05
2.697350000000000000e+05
2.697510000000000000e+05
2.697630000000000000e+05
2.698100000000000000e+05
2.698170000000000000e+05
2.698470000000000000e+05
2.698480000000000000e+05
2.698490000000000000e+05
2.698500000000000000e+05
2.698510000000000000e+05
2.698520000000000000e+05
2.698530000000000000e+05
2.698540000000000000e+05
2.699130000000000000e+05
2.699190000000000000e+05
2.700970000000000000e+05
2.701800000000000000e+05
2.702080000000000000e+05
2.702540000000000000e+05
2.702550000000000000e+05
2.702630000000000000e+05
2.702940000000000000e+05
2.702950000000000000e+05
2.702970000000000000e+05
2.705420000000000000e+05
2.706250000000000000e+05
2.706530000000000000e+05
2.706990000000000000e+05
2.707000000000000000e+05
2.707080000000000000e+05
2.707390000000000000e+05
2.707400000000000000e+05
2.707420000000000000e+05
2.708030000000000000e+05
2.709870000000000000e+05
2.710700000000000000e+05
2.710980000000000000e+05
2.711440000000000000e+05
2.711450000000000000e+05
2.711530000000000000e+05
2.711840000000000000e+05
2.711850000000000000e+05
2.711870000000000000e+05
2.712480000000000000e+05
2.714320000000000000e+05
2.715150000000000000e+05
2.715430000000000000e+05
2.715890000000000000e+05
2.715900000000000000e+05
2.715980000000000000e+05
2.716290000000000000e+05
2.716300000000000000e+05
2.716320000000000000e+05
2.716930000000000000e+05
2.719600000000000000e+05
2.719880000000000000e+05
2.720340000000000000e+05
2.720430000000000000e+05
2.720740000000000000e+05
2.720750000000000000e+05
2.720770000000000000e+05
2.721380000000000000e+05
2.723220000000000000e+05
2.724050000000000000e+05
2.724330000000000000e+05
2.724790000000000000e+05
2.724800000000000000e+05
2.724880000000000000e+05
2.725190000000000000e+05
2.725220000000000000e+05
2.725830000000000000e+05
2.727670000000000000e+05
2.730470000000000000e+05
2.731540000000000000e+05
2.731570000000000000e+05
2.732150000000000000e+05
2.732160000000000000e+05
2.732170000000000000e+05
2.735590000000000000e+05
2.736460000000000000e+05
2.737040000000000000e+05
2.737290000000000000e+05
2.749980000000000000e+05
2.750390000000000000e+05
2.750640000000000000e+05
2.757010000000000000e+05
2.759160000000000000e+05
2.763720000000000000e+05
2.764090000000000000e+05
2.765030000000000000e+05
2.765100000000000000e+05
2.767230000000000000e+05
2.769200000000000000e+05
2.774810000000000000e+05
2.779260000000000000e+05
2.781540000000000000e+05
2.781790000000000000e+05
2.786450000000000000e+05
2.793120000000000000e+05
2.793780000000000000e+05
2.794050000000000000e+05
2.794060000000000000e+05
2.798200000000000000e+05
2.800360000000000000e+05
2.804250000000000000e+05
2.808860000000000000e+05
2.813510000000000000e+05
2.813710000000000000e+05
2.813820000000000000e+05
2.821180000000000000e+05
2.821710000000000000e+05
2.821990000000000000e+05
2.822310000000000000e+05
2.822380000000000000e+05
2.822470000000000000e+05
2.822790000000000000e+05
2.822940000000000000e+05
2.823630000000000000e+05
2.825080000000000000e+05
2.830490000000000000e+05
2.830740000000000000e+05
2.834940000000000000e+05
2.835190000000000000e+05
2.842720000000000000e+05
2.844250000000000000e+05
2.844260000000000000e+05
2.844540000000000000e+05
2.844660000000000000e+05
2.844860000000000000e+05
2.844970000000000000e+05
2.845420000000000000e+05
2.845930000000000000e+05
2.845990000000000000e+05
2.846280000000000000e+05
2.846290000000000000e+05
2.846310000000000000e+05
2.846590000000000000e+05
2.846600000000000000e+05
2.846610000000000000e+05
2.846720000000000000e+05
2.847080000000000000e+05
2.847260000000000000e+05
2.848120000000000000e+05
2.848700000000000000e+05
2.848710000000000000e+05
2.848990000000000000e+05
2.849110000000000000e+05
2.849310000000000000e+05
2.849420000000000000e+05
2.850380000000000000e+05
2.850440000000000000e+05
2.850730000000000000e+05
2.850740000000000000e+05
2.850760000000000000e+05
2.851040000000000000e+05
2.851050000000000000e+05
2.851060000000000000e+05
2.851170000000000000e+05
2.851530000000000000e+05
2.851580000000000000e+05
2.851680000000000000e+05
2.851710000000000000e+05
2.852690000000000000e+05
2.857160000000000000e+05
2.863960000000000000e+05
2.864290000000000000e+05
2.864460000000000000e+05
2.864940000000000000e+05
2.865700000000000000e+05
2.866430000000000000e+05
2.867550000000000000e+05
2.868500000000000000e+05
2.872870000000000000e+05
2.875110000000000000e+05
2.875390000000000000e+05
2.875750000000000000e+05
2.875780000000000000e+05
2.875870000000000000e+05
2.876120000000000000e+05
2.876190000000000000e+05
2.876340000000000000e+05
2.877030000000000000e+05
2.878480000000000000e+05
2.881770000000000000e+05
2.888210000000000000e+05
2.892790000000000000e+05
2.893040000000000000e+05
2.899570000000000000e+05
2.901680000000000000e+05
2.908310000000000000e+05
2.910180000000000000e+05
2.912920000000000000e+05
2.914910000000000000e+05
2.915250000000000000e+05
2.919610000000000000e+05
2.919890000000000000e+05
2.920210000000000000e+05
2.920250000000000000e+05
2.920280000000000000e+05
2.920620000000000000e+05
2.920690000000000000e+05
2.920840000000000000e+05
2.921530000000000000e+05
2.926110000000000000e+05
2.932260000000000000e+05
2.933730000000000000e+05
2.937290000000000000e+05
2.937540000000000000e+05
2.945070000000000000e+05
2.946810000000000000e+05
2.950470000000000000e+05
